********************************************************************************
MEME - Motif discovery tool
********************************************************************************
MEME version 5.5.5 (Release date: Thu Sep 14 08:48:04 2023 +1000)

For further information on how to interpret these results please access https://meme-suite.org/meme.
To get a copy of the MEME Suite software please access https://meme-suite.org.

********************************************************************************


********************************************************************************
REFERENCE
********************************************************************************
If you use this program in your research, please cite:

Timothy L. Bailey and Charles Elkan,
"Fitting a mixture model by expectation maximization to
discover motifs in biopolymers",
Proceedings of the Second International Conference on Intelligent Systems
for Molecular Biology, pp. 28-36, AAAI Press, Menlo Park, California, 1994.
********************************************************************************


********************************************************************************
TRAINING SET
********************************************************************************
PRIMARY SEQUENCES= data/tmp_memedir/10_FALSE_TRUE_FALSE_50_15_53_31/ZNF407.fasta
CONTROL SEQUENCES= --none--
ALPHABET= ACGT
Sequence name            Weight Length  Sequence name            Weight Length  
-------------            ------ ------  -------------            ------ ------  
79093                    1.0000     21  79094                    1.0000     21  
79095                    1.0000     21  79096                    1.0000     21  
79097                    1.0000     21  79098                    1.0000     21  
79099                    1.0000     21  79100                    1.0000     21  
79101                    1.0000     21  79102                    1.0000     21  
79103                    1.0000     21  79104                    1.0000     21  
79105                    1.0000     21  79106                    1.0000     21  
79107                    1.0000     21  79108                    1.0000     21  
79109                    1.0000     21  79110                    1.0000     21  
79111                    1.0000     21  79112                    1.0000     21  
79113                    1.0000     21  79114                    1.0000     21  
79115                    1.0000     21  79116                    1.0000     21  
79117                    1.0000     21  79118                    1.0000     21  
79119                    1.0000     21  79120                    1.0000     21  
79121                    1.0000     21  79122                    1.0000     21  
79123                    1.0000     21  79124                    1.0000     21  
79125                    1.0000     21  79126                    1.0000     21  
79127                    1.0000     21  79128                    1.0000     21  
79129                    1.0000     21  79130                    1.0000     21  
79131                    1.0000     21  79132                    1.0000     21  
79133                    1.0000     21  79134                    1.0000     21  
79135                    1.0000     21  79136                    1.0000     21  
79137                    1.0000     21  79138                    1.0000     21  
79139                    1.0000     21  79140                    1.0000     21  
79141                    1.0000     21  79142                    1.0000     21  
79143                    1.0000     21  79144                    1.0000     21  
79145                    1.0000     21  79146                    1.0000     21  
79147                    1.0000     21  79148                    1.0000     21  
79149                    1.0000     21  79150                    1.0000     21  
79151                    1.0000     21  79152                    1.0000     21  
79153                    1.0000     21  79154                    1.0000     21  
79155                    1.0000     21  79156                    1.0000     21  
79157                    1.0000     21  79158                    1.0000     21  
79159                    1.0000     21  79160                    1.0000     21  
79161                    1.0000     21  79162                    1.0000     21  
79163                    1.0000     21  79164                    1.0000     21  
79165                    1.0000     21  79166                    1.0000     21  
79167                    1.0000     21  79168                    1.0000     21  
79169                    1.0000     21  79170                    1.0000     21  
79171                    1.0000     21  79172                    1.0000     21  
79173                    1.0000     21  79174                    1.0000     21  
79175                    1.0000     21  79176                    1.0000     21  
79177                    1.0000     21  79178                    1.0000     21  
79179                    1.0000     21  79180                    1.0000     21  
79181                    1.0000     21  79182                    1.0000     21  
79183                    1.0000     21  79184                    1.0000     21  
79185                    1.0000     21  79186                    1.0000     21  
79187                    1.0000     21  79188                    1.0000     21  
79189                    1.0000     21  79190                    1.0000     21  
79191                    1.0000     21  79192                    1.0000     21  
79193                    1.0000     21  79194                    1.0000     21  
79195                    1.0000     21  79196                    1.0000     21  
79197                    1.0000     21  79198                    1.0000     21  
79199                    1.0000     21  79200                    1.0000     21  
79201                    1.0000     21  79202                    1.0000     21  
79203                    1.0000     21  79204                    1.0000     21  
79205                    1.0000     21  79206                    1.0000     21  
79207                    1.0000     21  79208                    1.0000     21  
79209                    1.0000     21  79210                    1.0000     21  
79211                    1.0000     21  79212                    1.0000     21  
79213                    1.0000     21  79214                    1.0000     21  
79215                    1.0000     21  79216                    1.0000     21  
79217                    1.0000     21  79218                    1.0000     21  
79219                    1.0000     21  79220                    1.0000     21  
79221                    1.0000     21  79222                    1.0000     21  
79223                    1.0000     21  79224                    1.0000     21  
79225                    1.0000     21  79226                    1.0000     21  
79227                    1.0000     21  79228                    1.0000     21  
79229                    1.0000     21  79230                    1.0000     21  
79231                    1.0000     21  79232                    1.0000     21  
79233                    1.0000     21  79234                    1.0000     21  
79235                    1.0000     21  79236                    1.0000     21  
79237                    1.0000     21  79238                    1.0000     21  
79239                    1.0000     21  79240                    1.0000     21  
79241                    1.0000     21  79242                    1.0000     21  
79243                    1.0000     21  79244                    1.0000     21  
79245                    1.0000     21  79246                    1.0000     21  
79247                    1.0000     21  79248                    1.0000     21  
79249                    1.0000     21  79250                    1.0000     21  
79251                    1.0000     21  79252                    1.0000     21  
79253                    1.0000     21  79254                    1.0000     21  
79255                    1.0000     21  79256                    1.0000     21  
79257                    1.0000     21  79258                    1.0000     21  
79259                    1.0000     21  79260                    1.0000     21  
79261                    1.0000     21  79262                    1.0000     21  
79263                    1.0000     21  79264                    1.0000     21  
79265                    1.0000     21  79266                    1.0000     21  
79267                    1.0000     21  79268                    1.0000     21  
79269                    1.0000     21  79270                    1.0000     21  
79271                    1.0000     21  79272                    1.0000     21  
79273                    1.0000     21  79274                    1.0000     21  
79275                    1.0000     21  79276                    1.0000     21  
79277                    1.0000     21  79278                    1.0000     21  
79279                    1.0000     21  79280                    1.0000     21  
79281                    1.0000     21  79282                    1.0000     21  
79283                    1.0000     21  79284                    1.0000     21  
79285                    1.0000     21  79286                    1.0000     21  
79287                    1.0000     21  79288                    1.0000     21  
79289                    1.0000     21  79290                    1.0000     21  
79291                    1.0000     21  79292                    1.0000     21  
79293                    1.0000     21  79294                    1.0000     21  
79295                    1.0000     21  79296                    1.0000     21  
79297                    1.0000     21  79298                    1.0000     21  
79299                    1.0000     21  79300                    1.0000     21  
79301                    1.0000     21  79302                    1.0000     21  
79303                    1.0000     21  79304                    1.0000     21  
79305                    1.0000     21  79306                    1.0000     21  
79307                    1.0000     21  79308                    1.0000     21  
79309                    1.0000     21  79310                    1.0000     21  
79311                    1.0000     21  79312                    1.0000     21  
79313                    1.0000     21  79314                    1.0000     21  
79315                    1.0000     21  79316                    1.0000     21  
79317                    1.0000     21  79318                    1.0000     21  
79319                    1.0000     21  79320                    1.0000     21  
79321                    1.0000     21  79322                    1.0000     21  
79323                    1.0000     21  79324                    1.0000     21  
79325                    1.0000     21  79326                    1.0000     21  
79327                    1.0000     21  79328                    1.0000     21  
79329                    1.0000     21  79330                    1.0000     21  
79331                    1.0000     21  79332                    1.0000     21  
79333                    1.0000     21  79334                    1.0000     21  
79335                    1.0000     21  79336                    1.0000     21  
79337                    1.0000     21  79338                    1.0000     21  
79339                    1.0000     21  79340                    1.0000     21  
79341                    1.0000     21  79342                    1.0000     21  
79343                    1.0000     21  79344                    1.0000     21  
79345                    1.0000     21  79346                    1.0000     21  
79347                    1.0000     21  79348                    1.0000     21  
79349                    1.0000     21  79350                    1.0000     21  
79351                    1.0000     21  79352                    1.0000     21  
79353                    1.0000     21  79354                    1.0000     21  
79355                    1.0000     21  79356                    1.0000     21  
79357                    1.0000     21  79358                    1.0000     21  
79359                    1.0000     21  79360                    1.0000     21  
79361                    1.0000     21  79362                    1.0000     21  
79363                    1.0000     21  79364                    1.0000     21  
79365                    1.0000     21  79366                    1.0000     21  
79367                    1.0000     21  79368                    1.0000     21  
79369                    1.0000     21  79370                    1.0000     21  
79371                    1.0000     21  79372                    1.0000     21  
79373                    1.0000     21  79374                    1.0000     21  
79375                    1.0000     21  79376                    1.0000     21  
79377                    1.0000     21  79378                    1.0000     21  
79379                    1.0000     21  79380                    1.0000     21  
79381                    1.0000     21  79382                    1.0000     21  
79383                    1.0000     21  79384                    1.0000     21  
79385                    1.0000     21  79386                    1.0000     21  
79387                    1.0000     21  79388                    1.0000     21  
79389                    1.0000     21  79390                    1.0000     21  
79391                    1.0000     21  79392                    1.0000     21  
79393                    1.0000     21  79394                    1.0000     21  
79395                    1.0000     21  79396                    1.0000     21  
79397                    1.0000     21  79398                    1.0000     21  
79399                    1.0000     21  79400                    1.0000     21  
79401                    1.0000     21  79402                    1.0000     21  
79403                    1.0000     21  79404                    1.0000     21  
79405                    1.0000     21  79406                    1.0000     21  
79407                    1.0000     21  79408                    1.0000     21  
79409                    1.0000     21  79410                    1.0000     21  
79411                    1.0000     21  79412                    1.0000     21  
79413                    1.0000     21  79414                    1.0000     21  
79415                    1.0000     21  79416                    1.0000     21  
79417                    1.0000     21  79418                    1.0000     21  
79419                    1.0000     21  79420                    1.0000     21  
79421                    1.0000     21  79422                    1.0000     21  
79423                    1.0000     21  79424                    1.0000     21  
79425                    1.0000     21  79426                    1.0000     21  
79427                    1.0000     21  79428                    1.0000     21  
79429                    1.0000     21  79430                    1.0000     21  
79431                    1.0000     21  79432                    1.0000     21  
79433                    1.0000     21  79434                    1.0000     21  
79435                    1.0000     21  79436                    1.0000     21  
79437                    1.0000     21  79438                    1.0000     21  
79439                    1.0000     21  79440                    1.0000     21  
79441                    1.0000     21  79442                    1.0000     21  
79443                    1.0000     21  79444                    1.0000     21  
79445                    1.0000     21  79446                    1.0000     21  
79447                    1.0000     21  79448                    1.0000     21  
79449                    1.0000     21  79450                    1.0000     21  
79451                    1.0000     21  79452                    1.0000     21  
79453                    1.0000     21  79454                    1.0000     21  
79455                    1.0000     21  79456                    1.0000     21  
79457                    1.0000     21  79458                    1.0000     21  
79459                    1.0000     21  79460                    1.0000     21  
79461                    1.0000     21  79462                    1.0000     21  
79463                    1.0000     21  79464                    1.0000     21  
79465                    1.0000     21  79466                    1.0000     21  
79467                    1.0000     21  79468                    1.0000     21  
79469                    1.0000     21  79470                    1.0000     21  
79471                    1.0000     21  79472                    1.0000     21  
79473                    1.0000     21  79474                    1.0000     21  
79475                    1.0000     21  79476                    1.0000     21  
79477                    1.0000     21  79478                    1.0000     21  
79479                    1.0000     21  79480                    1.0000     21  
79481                    1.0000     21  79482                    1.0000     21  
79483                    1.0000     21  79484                    1.0000     21  
79485                    1.0000     21  79486                    1.0000     21  
79487                    1.0000     21  79488                    1.0000     21  
79489                    1.0000     21  79490                    1.0000     21  
79491                    1.0000     21  79492                    1.0000     21  
79493                    1.0000     21  79494                    1.0000     21  
79495                    1.0000     21  79496                    1.0000     21  
79497                    1.0000     21  79498                    1.0000     21  
79499                    1.0000     21  79500                    1.0000     21  
79501                    1.0000     21  79502                    1.0000     21  
79503                    1.0000     21  79504                    1.0000     21  
79505                    1.0000     21  79506                    1.0000     21  
79507                    1.0000     21  79508                    1.0000     21  
79509                    1.0000     21  79510                    1.0000     21  
79511                    1.0000     21  79512                    1.0000     21  
79513                    1.0000     21  79514                    1.0000     21  
79515                    1.0000     21  79516                    1.0000     21  
79517                    1.0000     21  79518                    1.0000     21  
79519                    1.0000     21  79520                    1.0000     21  
79521                    1.0000     21  79522                    1.0000     21  
79523                    1.0000     21  79524                    1.0000     21  
79525                    1.0000     21  79526                    1.0000     21  
79527                    1.0000     21  79528                    1.0000     21  
79529                    1.0000     21  79530                    1.0000     21  
79531                    1.0000     21  79532                    1.0000     21  
79533                    1.0000     21  79534                    1.0000     21  
79535                    1.0000     21  79536                    1.0000     21  
79537                    1.0000     21  79538                    1.0000     21  
79539                    1.0000     21  79540                    1.0000     21  
79541                    1.0000     21  79542                    1.0000     21  
79543                    1.0000     21  79544                    1.0000     21  
79545                    1.0000     21  79546                    1.0000     21  
79547                    1.0000     21  79548                    1.0000     21  
79549                    1.0000     21  79550                    1.0000     21  
79551                    1.0000     21  79552                    1.0000     21  
79553                    1.0000     21  79554                    1.0000     21  
79555                    1.0000     21  79556                    1.0000     21  
79557                    1.0000     21  79558                    1.0000     21  
79559                    1.0000     21  79560                    1.0000     21  
79561                    1.0000     21  79562                    1.0000     21  
79563                    1.0000     21  79564                    1.0000     21  
79565                    1.0000     21  79566                    1.0000     21  
79567                    1.0000     21  79568                    1.0000     21  
79569                    1.0000     21  79570                    1.0000     21  
79571                    1.0000     21  79572                    1.0000     21  
79573                    1.0000     21  79574                    1.0000     21  
79575                    1.0000     21  79576                    1.0000     21  
79577                    1.0000     21  79578                    1.0000     21  
79579                    1.0000     21  79580                    1.0000     21  
79581                    1.0000     21  79582                    1.0000     21  
79583                    1.0000     21  79584                    1.0000     21  
79585                    1.0000     21  79586                    1.0000     21  
79587                    1.0000     21  79588                    1.0000     21  
79589                    1.0000     21  79590                    1.0000     21  
79591                    1.0000     21  79592                    1.0000     21  
79593                    1.0000     21  79594                    1.0000     21  
79595                    1.0000     21  79596                    1.0000     21  
79597                    1.0000     21  79598                    1.0000     21  
79599                    1.0000     21  79600                    1.0000     21  
79601                    1.0000     21  79602                    1.0000     21  
79603                    1.0000     21  79604                    1.0000     21  
79605                    1.0000     21  79606                    1.0000     21  
79607                    1.0000     21  79608                    1.0000     21  
79609                    1.0000     21  79610                    1.0000     21  
79611                    1.0000     21  79612                    1.0000     21  
79613                    1.0000     21  79614                    1.0000     21  
79615                    1.0000     21  79616                    1.0000     21  
79617                    1.0000     21  79618                    1.0000     21  
79619                    1.0000     21  79620                    1.0000     21  
79621                    1.0000     21  79622                    1.0000     21  
79623                    1.0000     21  79624                    1.0000     21  
79625                    1.0000     21  79626                    1.0000     21  
79627                    1.0000     21  79628                    1.0000     21  
79629                    1.0000     21  79630                    1.0000     21  
79631                    1.0000     21  79632                    1.0000     21  
79633                    1.0000     21  79634                    1.0000     21  
79635                    1.0000     21  79636                    1.0000     21  
79637                    1.0000     21  79638                    1.0000     21  
79639                    1.0000     21  79640                    1.0000     21  
79641                    1.0000     21  79642                    1.0000     21  
79643                    1.0000     21  79644                    1.0000     21  
79645                    1.0000     21  79646                    1.0000     21  
79647                    1.0000     21  
********************************************************************************

********************************************************************************
COMMAND LINE SUMMARY
********************************************************************************
This information can also be useful in the event you wish to report a
problem with the MEME software.

command: meme data/tmp_memedir/10_FALSE_TRUE_FALSE_50_15_53_31/ZNF407.fasta -oc data/tmp_memedir/10_FALSE_TRUE_FALSE_50_15_53_31/ZNF407 -nmotifs 6 -dna -maxw 15 -p 7 -seed 53 

model:  mod=         zoops    nmotifs=         6    evt=           inf
objective function:           em=       E-value of product of p-values
                              starts=   E-value of product of p-values
strands: +
width:  minw=            8    maxw=           15
nsites: minsites=        2    maxsites=      555    wnsites=       0.8
theta:  spmap=         uni    spfuzz=        0.5
em:     prior=   dirichlet    b=            0.01    maxiter=        50
        distance=    1e-05
trim:   wg=             11    ws=              1    endgaps=       yes
data:   n=           11655    N=             555
sample: seed=           53    hsfrac=          0
        searchsize=  11655    norand=         no    csites=       1000
Letter frequencies in dataset:
A 0.177 C 0.318 G 0.33 T 0.175 
Background letter frequencies (from file dataset with add-one prior applied):
A 0.177 C 0.318 G 0.33 T 0.175 
Background model order: 0
********************************************************************************


********************************************************************************
MOTIF GACGGHRGCCGRGHK MEME-1	width =  15  sites =  14  llr = 168  E-value = 1.3e-007
********************************************************************************
--------------------------------------------------------------------------------
	Motif GACGGHRGCCGRGHK MEME-1 Description
--------------------------------------------------------------------------------
Simplified        A  :a:::44::::4:2:
pos.-specific     C  ::9::2::a821:41
probability       G  9::aa16a::66a16
matrix            T  1:1::4:::21::43

         bits    2.5  *             
                 2.3  *             
                 2.0  *             
                 1.8  *      *      
Relative         1.5  * **  **   *  
Entropy          1.3 *****  **   *  
(17.3 bits)      1.0 ***** ****  *  
                 0.8 ***** **** **  
                 0.5 ************* *
                 0.3 ***************
                 0.0 ---------------

Multilevel           GACGGAGGCCGGGCG
consensus                 TA  TCA TT
sequence                  C       A 
                                    
--------------------------------------------------------------------------------

--------------------------------------------------------------------------------
	Motif GACGGHRGCCGRGHK MEME-1 sites sorted by position p-value
--------------------------------------------------------------------------------
Sequence name             Start   P-value                 Site    
-------------             ----- ---------            ---------------
79341                         3  2.94e-08         TG GACGGAAGCCGAGTG GAGA      
79345                         7  1.69e-07     GGGCCC GACGGAAGCCGGGAG           
79434                         6  5.45e-07      AGGAG GACGGTGGCCTAGAG G         
79338                         3  8.89e-07         AG GACGGCGGCCGGGAG GCGG      
79458                         7  1.08e-06     AGGAGG GATGGTGGCCGAGCG           
79116                         7  1.08e-06     GTGAGT GACGGCGGCCGGGCG           
79647                         1  1.36e-06          . GACGGAAGCTCGGTT GGGGTT    
79262                         3  1.36e-06         AG GACGGAAGCTCGGTT GGTG      
79400                         1  2.22e-06          . GACGGCGGCTGAGCT GTGCTG    
79151                         4  2.22e-06        CTG GATGGTGGCCGAGTC ACC       
79317                         1  2.81e-06          . GACGGTGGCCGCGCT GGGAGG    
79286                         1  4.19e-06          . TACGGAGGCCGGGCC GGCAGC    
79427                         7  4.41e-06     ATCAGG GACGGTGGCCCGGGG           
79153                         6  8.23e-06      TTCCC TACGGGAGCCTGGTG T         
--------------------------------------------------------------------------------

--------------------------------------------------------------------------------
	Motif GACGGHRGCCGRGHK MEME-1 block diagrams
--------------------------------------------------------------------------------
SEQUENCE NAME            POSITION P-VALUE  MOTIF DIAGRAM
-------------            ----------------  -------------
79341                             2.9e-08  2_[+1]_4
79345                             1.7e-07  6_[+1]
79434                             5.5e-07  5_[+1]_1
79338                             8.9e-07  2_[+1]_4
79458                             1.1e-06  6_[+1]
79116                             1.1e-06  6_[+1]
79647                             1.4e-06  [+1]_6
79262                             1.4e-06  2_[+1]_4
79400                             2.2e-06  [+1]_6
79151                             2.2e-06  3_[+1]_3
79317                             2.8e-06  [+1]_6
79286                             4.2e-06  [+1]_6
79427                             4.4e-06  6_[+1]
79153                             8.2e-06  5_[+1]_1
--------------------------------------------------------------------------------

--------------------------------------------------------------------------------
	Motif GACGGHRGCCGRGHK MEME-1 in BLOCKS format
--------------------------------------------------------------------------------
BL   MOTIF GACGGHRGCCGRGHK width=15 seqs=14
79341                    (    3) GACGGAAGCCGAGTG  1 
79345                    (    7) GACGGAAGCCGGGAG  1 
79434                    (    6) GACGGTGGCCTAGAG  1 
79338                    (    3) GACGGCGGCCGGGAG  1 
79458                    (    7) GATGGTGGCCGAGCG  1 
79116                    (    7) GACGGCGGCCGGGCG  1 
79647                    (    1) GACGGAAGCTCGGTT  1 
79262                    (    3) GACGGAAGCTCGGTT  1 
79400                    (    1) GACGGCGGCTGAGCT  1 
79151                    (    4) GATGGTGGCCGAGTC  1 
79317                    (    1) GACGGTGGCCGCGCT  1 
79286                    (    1) TACGGAGGCCGGGCC  1 
79427                    (    7) GACGGTGGCCCGGGG  1 
79153                    (    6) TACGGGAGCCTGGTG  1 
//

--------------------------------------------------------------------------------

--------------------------------------------------------------------------------
	Motif GACGGHRGCCGRGHK MEME-1 position-specific scoring matrix
--------------------------------------------------------------------------------
log-odds matrix: alength= 4 w= 15 n= 3885 bayes= 8.71864 E= 1.3e-007 
 -1045  -1045    138    -29 
   250  -1045  -1045  -1045 
 -1045    143  -1045    -29 
 -1045  -1045    160  -1045 
 -1045  -1045    160  -1045 
   101    -57   -220    103 
   101  -1045     96  -1045 
 -1045  -1045    160  -1045 
 -1045    165  -1045  -1045 
 -1045    130  -1045     29 
 -1045    -57     96    -29 
   101   -215     79  -1045 
 -1045  -1045    160  -1045 
    27     17   -220    103 
 -1045   -116     79     71 
--------------------------------------------------------------------------------

--------------------------------------------------------------------------------
	Motif GACGGHRGCCGRGHK MEME-1 position-specific probability matrix
--------------------------------------------------------------------------------
letter-probability matrix: alength= 4 w= 15 nsites= 14 E= 1.3e-007 
 0.000000  0.000000  0.857143  0.142857 
 1.000000  0.000000  0.000000  0.000000 
 0.000000  0.857143  0.000000  0.142857 
 0.000000  0.000000  1.000000  0.000000 
 0.000000  0.000000  1.000000  0.000000 
 0.357143  0.214286  0.071429  0.357143 
 0.357143  0.000000  0.642857  0.000000 
 0.000000  0.000000  1.000000  0.000000 
 0.000000  1.000000  0.000000  0.000000 
 0.000000  0.785714  0.000000  0.214286 
 0.000000  0.214286  0.642857  0.142857 
 0.357143  0.071429  0.571429  0.000000 
 0.000000  0.000000  1.000000  0.000000 
 0.214286  0.357143  0.071429  0.357143 
 0.000000  0.142857  0.571429  0.285714 
--------------------------------------------------------------------------------

--------------------------------------------------------------------------------
	Motif GACGGHRGCCGRGHK MEME-1 regular expression
--------------------------------------------------------------------------------
GACGG[ATC][GA]GC[CT][GC][GA]G[CTA][GT]
--------------------------------------------------------------------------------




Time  6.53 secs.

********************************************************************************


********************************************************************************
MOTIF AAAARRCAAWD MEME-2	width =  11  sites =  19  llr = 190  E-value = 4.5e-007
********************************************************************************
--------------------------------------------------------------------------------
	Motif AAAARRCAAWD MEME-2 Description
--------------------------------------------------------------------------------
Simplified        A  779a6627964
pos.-specific     C  21::::63:::
probability       G  111:343:114
matrix            T  :21:1::::32

         bits    2.5    *       
                 2.3    *       
                 2.0    *    *  
                 1.8   **    *  
Relative         1.5   **   **  
Entropy          1.3   ** * *** 
(14.4 bits)      1.0 ****** *** 
                 0.8 ****** *** 
                 0.5 ***********
                 0.3 ***********
                 0.0 -----------

Multilevel           AAAAAACAAAG
consensus            CT  GGGC TA
sequence                       T
                                
--------------------------------------------------------------------------------

--------------------------------------------------------------------------------
	Motif AAAARRCAAWD MEME-2 sites sorted by position p-value
--------------------------------------------------------------------------------
Sequence name             Start   P-value               Site  
-------------             ----- ---------            -----------
79393                         2  6.18e-08          A AAAAAAGAAAA ACGCGGCCG 
79454                         3  1.05e-06         CA ATAAAAAAAAT AAGGCTGC  
79099                         8  1.05e-06    GTCAGTG AAAATACAAAA GGC       
79273                        11  1.53e-06 AAACTTGTGC AATAAACAAAA           
79598                         8  2.07e-06    CGAGGTC CAAAAAGAAAG CGC       
79622                         6  4.39e-06      GAAGC CAAAAAAAATT TTTTT     
79170                         9  4.74e-06   GGGGAACG AAAAGAGCAAA AG        
79356                         4  5.13e-06        AGC AAAAAGCCATG CGGATGG   
79481                        10  5.54e-06  GGCATGGGC CAAAAGCAATG C         
79473                         4  6.96e-06        TGT GTAAAACAAAG CGGATTG   
79453                        11  7.81e-06 TAAAATGTTT AAAAGAGCAAG           
79245                         2  8.49e-06          G AGAAAACAATT ACAAGGGTC 
79295                         1  1.09e-05          . AAAAAAAAGTG CCCCGGACCT
79533                         9  1.33e-05   ACCAAACT GTAAAGCAAAA AC        
79109                         1  2.74e-05          . AAAAGAGAAGG CGCTGTCCCG
79287                        11  3.17e-05 CGACTGCTCT CAAAGGCCAAA           
79258                         3  4.03e-05         GC ACAAGGCAAAT CCACGCGG  
79172                         1  4.93e-05          . ATGAAGCAATA TCAAGGCTCC
79232                         6  9.65e-05      CTGAC AAAAGGCCGAG CCCGC     
--------------------------------------------------------------------------------

--------------------------------------------------------------------------------
	Motif AAAARRCAAWD MEME-2 block diagrams
--------------------------------------------------------------------------------
SEQUENCE NAME            POSITION P-VALUE  MOTIF DIAGRAM
-------------            ----------------  -------------
79393                             6.2e-08  1_[+2]_9
79454                             1.1e-06  2_[+2]_8
79099                             1.1e-06  7_[+2]_3
79273                             1.5e-06  10_[+2]
79598                             2.1e-06  7_[+2]_3
79622                             4.4e-06  5_[+2]_5
79170                             4.7e-06  8_[+2]_2
79356                             5.1e-06  3_[+2]_7
79481                             5.5e-06  9_[+2]_1
79473                               7e-06  3_[+2]_7
79453                             7.8e-06  10_[+2]
79245                             8.5e-06  1_[+2]_9
79295                             1.1e-05  [+2]_10
79533                             1.3e-05  8_[+2]_2
79109                             2.7e-05  [+2]_10
79287                             3.2e-05  10_[+2]
79258                               4e-05  2_[+2]_8
79172                             4.9e-05  [+2]_10
79232                             9.7e-05  5_[+2]_5
--------------------------------------------------------------------------------

--------------------------------------------------------------------------------
	Motif AAAARRCAAWD MEME-2 in BLOCKS format
--------------------------------------------------------------------------------
BL   MOTIF AAAARRCAAWD width=11 seqs=19
79393                    (    2) AAAAAAGAAAA  1 
79454                    (    3) ATAAAAAAAAT  1 
79099                    (    8) AAAATACAAAA  1 
79273                    (   11) AATAAACAAAA  1 
79598                    (    8) CAAAAAGAAAG  1 
79622                    (    6) CAAAAAAAATT  1 
79170                    (    9) AAAAGAGCAAA  1 
79356                    (    4) AAAAAGCCATG  1 
79481                    (   10) CAAAAGCAATG  1 
79473                    (    4) GTAAAACAAAG  1 
79453                    (   11) AAAAGAGCAAG  1 
79245                    (    2) AGAAAACAATT  1 
79295                    (    1) AAAAAAAAGTG  1 
79533                    (    9) GTAAAGCAAAA  1 
79109                    (    1) AAAAGAGAAGG  1 
79287                    (   11) CAAAGGCCAAA  1 
79258                    (    3) ACAAGGCAAAT  1 
79172                    (    1) ATGAAGCAATA  1 
79232                    (    6) AAAAGGCCGAG  1 
//

--------------------------------------------------------------------------------

--------------------------------------------------------------------------------
	Motif AAAARRCAAWD MEME-2 position-specific scoring matrix
--------------------------------------------------------------------------------
log-odds matrix: alength= 4 w= 11 n= 6105 bayes= 9.76677 E= 4.5e-007 
   195    -60   -165  -1089 
   195   -259   -264     27 
   234  -1089   -264   -173 
   250  -1089  -1089  -1089 
   183  -1089     -6   -173 
   183  -1089     16  -1089 
   -17     86    -32  -1089 
   206    -28  -1089  -1089 
   234  -1089   -165  -1089 
   183  -1089   -264     85 
   106  -1089     35     27 
--------------------------------------------------------------------------------

--------------------------------------------------------------------------------
	Motif AAAARRCAAWD MEME-2 position-specific probability matrix
--------------------------------------------------------------------------------
letter-probability matrix: alength= 4 w= 11 nsites= 19 E= 4.5e-007 
 0.684211  0.210526  0.105263  0.000000 
 0.684211  0.052632  0.052632  0.210526 
 0.894737  0.000000  0.052632  0.052632 
 1.000000  0.000000  0.000000  0.000000 
 0.631579  0.000000  0.315789  0.052632 
 0.631579  0.000000  0.368421  0.000000 
 0.157895  0.578947  0.263158  0.000000 
 0.736842  0.263158  0.000000  0.000000 
 0.894737  0.000000  0.105263  0.000000 
 0.631579  0.000000  0.052632  0.315789 
 0.368421  0.000000  0.421053  0.210526 
--------------------------------------------------------------------------------

--------------------------------------------------------------------------------
	Motif AAAARRCAAWD MEME-2 regular expression
--------------------------------------------------------------------------------
[AC][AT]AA[AG][AG][CG][AC]A[AT][GAT]
--------------------------------------------------------------------------------




Time  7.69 secs.

********************************************************************************


********************************************************************************
MOTIF ARCGGTTYCTKCDTA MEME-3	width =  15  sites =   3  llr = 58  E-value = 1.8e+001
********************************************************************************
--------------------------------------------------------------------------------
	Motif ARCGGTTYCTKCDTA MEME-3 Description
--------------------------------------------------------------------------------
Simplified        A  a7::::::::::3:a
pos.-specific     C  ::a::::3a::a:::
probability       G  :3:aa:::::3:3::
matrix            T  :::::aa7:a7:3a:

         bits    2.5 *    **  *   **
                 2.3 *    **  *   **
                 2.0 *    **  *   **
                 1.8 * *  ** ** * **
Relative         1.5 * ***** ** * **
Entropy          1.3 ************ **
(27.7 bits)      1.0 ************ **
                 0.8 ************ **
                 0.5 ***************
                 0.3 ***************
                 0.0 ---------------

Multilevel           AACGGTTTCTTCATA
consensus             G     C  G G  
sequence                         T  
                                    
--------------------------------------------------------------------------------

--------------------------------------------------------------------------------
	Motif ARCGGTTYCTKCDTA MEME-3 sites sorted by position p-value
--------------------------------------------------------------------------------
Sequence name             Start   P-value                 Site    
-------------             ----- ---------            ---------------
79272                         6  1.96e-10      GTAAG AACGGTTTCTTCATA A         
79270                         2  3.80e-10          G AACGGTTTCTTCGTA AGAGG     
79198                         7  7.68e-09     CTTTGT AGCGGTTCCTGCTTA           
--------------------------------------------------------------------------------

--------------------------------------------------------------------------------
	Motif ARCGGTTYCTKCDTA MEME-3 block diagrams
--------------------------------------------------------------------------------
SEQUENCE NAME            POSITION P-VALUE  MOTIF DIAGRAM
-------------            ----------------  -------------
79272                               2e-10  5_[+3]_1
79270                             3.8e-10  1_[+3]_5
79198                             7.7e-09  6_[+3]
--------------------------------------------------------------------------------

--------------------------------------------------------------------------------
	Motif ARCGGTTYCTKCDTA MEME-3 in BLOCKS format
--------------------------------------------------------------------------------
BL   MOTIF ARCGGTTYCTKCDTA width=15 seqs=3
79272                    (    6) AACGGTTTCTTCATA  1 
79270                    (    2) AACGGTTTCTTCGTA  1 
79198                    (    7) AGCGGTTCCTGCTTA  1 
//

--------------------------------------------------------------------------------

--------------------------------------------------------------------------------
	Motif ARCGGTTYCTKCDTA MEME-3 position-specific scoring matrix
--------------------------------------------------------------------------------
log-odds matrix: alength= 4 w= 15 n= 3885 bayes= 10.7854 E= 1.8e+001 
   249   -823   -823   -823 
   191   -823      2   -823 
  -823    165   -823   -823 
  -823   -823    160   -823 
  -823   -823    160   -823 
  -823   -823   -823    251 
  -823   -823   -823    251 
  -823      7   -823    193 
  -823    165   -823   -823 
  -823   -823   -823    251 
  -823   -823      2    193 
  -823    165   -823   -823 
    91   -823      2     93 
  -823   -823   -823    251 
   249   -823   -823   -823 
--------------------------------------------------------------------------------

--------------------------------------------------------------------------------
	Motif ARCGGTTYCTKCDTA MEME-3 position-specific probability matrix
--------------------------------------------------------------------------------
letter-probability matrix: alength= 4 w= 15 nsites= 3 E= 1.8e+001 
 1.000000  0.000000  0.000000  0.000000 
 0.666667  0.000000  0.333333  0.000000 
 0.000000  1.000000  0.000000  0.000000 
 0.000000  0.000000  1.000000  0.000000 
 0.000000  0.000000  1.000000  0.000000 
 0.000000  0.000000  0.000000  1.000000 
 0.000000  0.000000  0.000000  1.000000 
 0.000000  0.333333  0.000000  0.666667 
 0.000000  1.000000  0.000000  0.000000 
 0.000000  0.000000  0.000000  1.000000 
 0.000000  0.000000  0.333333  0.666667 
 0.000000  1.000000  0.000000  0.000000 
 0.333333  0.000000  0.333333  0.333333 
 0.000000  0.000000  0.000000  1.000000 
 1.000000  0.000000  0.000000  0.000000 
--------------------------------------------------------------------------------

--------------------------------------------------------------------------------
	Motif ARCGGTTYCTKCDTA MEME-3 regular expression
--------------------------------------------------------------------------------
A[AG]CGGTT[TC]CT[TG]C[AGT]TA
--------------------------------------------------------------------------------




Time  8.60 secs.

********************************************************************************


********************************************************************************
MOTIF MGAAAVSTYTGCCCT MEME-4	width =  15  sites =  11  llr = 124  E-value = 1.1e+001
********************************************************************************
--------------------------------------------------------------------------------
	Motif MGAAAVSTYTGCCCT MEME-4 Description
--------------------------------------------------------------------------------
Simplified        A  5188831::::2:1:
pos.-specific     C  33::234:5125991
probability       G  :612:45::361:::
matrix            T  2:1::11a56221:9

         bits    2.5        *       
                 2.3        *       
                 2.0        *      *
                 1.8    **  *      *
Relative         1.5   ***  *      *
Entropy          1.3   ***  *    ***
(16.2 bits)      1.0   ***  ***  ***
                 0.8 * ***  ***  ***
                 0.5 *****  **** ***
                 0.3 *****  ********
                 0.0 ---------------

Multilevel           AGAAAGGTTTGCCCT
consensus            CC   AC CG     
sequence                  C         
                                    
--------------------------------------------------------------------------------

--------------------------------------------------------------------------------
	Motif MGAAAVSTYTGCCCT MEME-4 sites sorted by position p-value
--------------------------------------------------------------------------------
Sequence name             Start   P-value                 Site    
-------------             ----- ---------            ---------------
79274                         3  3.73e-08         CC AGAAACGTCTTCCCT CTAA      
79103                         1  3.73e-08          . AGAAAGCTTGGCCCT GGAAGC    
79352                         7  1.02e-06     AGCCGG CCTAAAGTTTGCCCT           
79337                         3  1.24e-06         TT ACAAAGGTTTGTCCC CTGC      
79332                         6  1.36e-06      GAAGT CGAGACGTTTGACCT T         
79580                         2  3.07e-06          T TGAAAACTCTGCTAT GGCTG     
79495                         2  3.64e-06          C AGAAACATTGTGCCT CTGAG     
79322                         1  3.64e-06          . ACAAAACTCCCCCCT CGCGTT    
79195                         1  6.34e-06          . AGGAAGTTTGGACCT TTTCGG    
79370                         5  1.30e-05       CGGA TAAACGCTCTCCCCT CG        
79488                         5  2.31e-05       TCTG CGAGCTGTCTGTCCT CG        
--------------------------------------------------------------------------------

--------------------------------------------------------------------------------
	Motif MGAAAVSTYTGCCCT MEME-4 block diagrams
--------------------------------------------------------------------------------
SEQUENCE NAME            POSITION P-VALUE  MOTIF DIAGRAM
-------------            ----------------  -------------
79274                             3.7e-08  2_[+4]_4
79103                             3.7e-08  [+4]_6
79352                               1e-06  6_[+4]
79337                             1.2e-06  2_[+4]_4
79332                             1.4e-06  5_[+4]_1
79580                             3.1e-06  1_[+4]_5
79495                             3.6e-06  1_[+4]_5
79322                             3.6e-06  [+4]_6
79195                             6.3e-06  [+4]_6
79370                             1.3e-05  4_[+4]_2
79488                             2.3e-05  4_[+4]_2
--------------------------------------------------------------------------------

--------------------------------------------------------------------------------
	Motif MGAAAVSTYTGCCCT MEME-4 in BLOCKS format
--------------------------------------------------------------------------------
BL   MOTIF MGAAAVSTYTGCCCT width=15 seqs=11
79274                    (    3) AGAAACGTCTTCCCT  1 
79103                    (    1) AGAAAGCTTGGCCCT  1 
79352                    (    7) CCTAAAGTTTGCCCT  1 
79337                    (    3) ACAAAGGTTTGTCCC  1 
79332                    (    6) CGAGACGTTTGACCT  1 
79580                    (    2) TGAAAACTCTGCTAT  1 
79495                    (    2) AGAAACATTGTGCCT  1 
79322                    (    1) ACAAAACTCCCCCCT  1 
79195                    (    1) AGGAAGTTTGGACCT  1 
79370                    (    5) TAAACGCTCTCCCCT  1 
79488                    (    5) CGAGCTGTCTGTCCT  1 
//

--------------------------------------------------------------------------------

--------------------------------------------------------------------------------
	Motif MGAAAVSTYTGCCCT MEME-4 position-specific scoring matrix
--------------------------------------------------------------------------------
log-odds matrix: alength= 4 w= 15 n= 3885 bayes= 8.01123 E= 1.1e+001 
   162    -22  -1010      6 
   -96    -22     95  -1010 
   221  -1010   -185    -94 
   221  -1010    -86  -1010 
   221    -81  -1010  -1010 
    62    -22     14    -94 
   -96     19     46    -94 
 -1010  -1010  -1010    252 
 -1010     51  -1010    164 
 -1010   -181    -27    186 
 -1010    -81     95      6 
     4     78   -185      6 
 -1010    151  -1010    -94 
   -96    151  -1010  -1010 
 -1010   -181  -1010    238 
--------------------------------------------------------------------------------

--------------------------------------------------------------------------------
	Motif MGAAAVSTYTGCCCT MEME-4 position-specific probability matrix
--------------------------------------------------------------------------------
letter-probability matrix: alength= 4 w= 15 nsites= 11 E= 1.1e+001 
 0.545455  0.272727  0.000000  0.181818 
 0.090909  0.272727  0.636364  0.000000 
 0.818182  0.000000  0.090909  0.090909 
 0.818182  0.000000  0.181818  0.000000 
 0.818182  0.181818  0.000000  0.000000 
 0.272727  0.272727  0.363636  0.090909 
 0.090909  0.363636  0.454545  0.090909 
 0.000000  0.000000  0.000000  1.000000 
 0.000000  0.454545  0.000000  0.545455 
 0.000000  0.090909  0.272727  0.636364 
 0.000000  0.181818  0.636364  0.181818 
 0.181818  0.545455  0.090909  0.181818 
 0.000000  0.909091  0.000000  0.090909 
 0.090909  0.909091  0.000000  0.000000 
 0.000000  0.090909  0.000000  0.909091 
--------------------------------------------------------------------------------

--------------------------------------------------------------------------------
	Motif MGAAAVSTYTGCCCT MEME-4 regular expression
--------------------------------------------------------------------------------
[AC][GC]AAA[GAC][GC]T[TC][TG]GCCCT
--------------------------------------------------------------------------------




Time  9.49 secs.

********************************************************************************


********************************************************************************
MOTIF TYTKCYYYCYSTCYC MEME-5	width =  15  sites =  12  llr = 132  E-value = 9.3e+001
********************************************************************************
--------------------------------------------------------------------------------
	Motif TYTKCYYYCYSTCYC MEME-5 Description
--------------------------------------------------------------------------------
Simplified        A  :13:1:::::11:1:
pos.-specific     C  :3::84648352a67
probability       G  :1:6:::22:3:::3
matrix            T  a58416441718:31

         bits    2.5 *              
                 2.3 *              
                 2.0 *              
                 1.8 * *         *  
Relative         1.5 * *         *  
Entropy          1.3 * *  *   * **  
(15.8 bits)      1.0 * *****  * **  
                 0.8 * ***** ** *** 
                 0.5 ********** ****
                 0.3 ***************
                 0.0 ---------------

Multilevel           TTTGCTCCCTCTCCC
consensus             CAT CTT CG  TG
sequence                            
                                    
--------------------------------------------------------------------------------

--------------------------------------------------------------------------------
	Motif TYTKCYYYCYSTCYC MEME-5 sites sorted by position p-value
--------------------------------------------------------------------------------
Sequence name             Start   P-value                 Site    
-------------             ----- ---------            ---------------
79485                         3  5.71e-10         CG TTTTCTCTCTCTCTC GCTC      
79190                         3  6.54e-08         CG TCTGCTCTCTGTCCC GTCT      
79193                         2  1.20e-06          C TTTGCCTTCCCTCAC CGGTG     
79375                         2  1.88e-06          C TATTCTCCCTCTCCT CCCTG     
79342                         4  4.14e-06        GGA TTTTTTCCCCCTCCG GAT       
79479                         3  5.42e-06         GC TCAGCTCTCTGCCTC CGGG      
79346                         3  7.05e-06         GT TTTGCTTTGTGACTG TTAC      
79228                         1  7.05e-06          . TTTGACCCTTCTCCC CCACCA    
79572                         6  1.13e-05      TCAGG TCTTCCCGCTTTCCG T         
79428                         3  1.31e-05         GC TCTGCCTGCCATCCC TGTC      
79298                         5  1.41e-05       ACTG TTAGCCTCGCGTCCC GC        
79181                         5  1.41e-05       GAAG TGATCTTCCTCCCTC AG        
--------------------------------------------------------------------------------

--------------------------------------------------------------------------------
	Motif TYTKCYYYCYSTCYC MEME-5 block diagrams
--------------------------------------------------------------------------------
SEQUENCE NAME            POSITION P-VALUE  MOTIF DIAGRAM
-------------            ----------------  -------------
79485                             5.7e-10  2_[+5]_4
79190                             6.5e-08  2_[+5]_4
79193                             1.2e-06  1_[+5]_5
79375                             1.9e-06  1_[+5]_5
79342                             4.1e-06  3_[+5]_3
79479                             5.4e-06  2_[+5]_4
79346                               7e-06  2_[+5]_4
79228                               7e-06  [+5]_6
79572                             1.1e-05  5_[+5]_1
79428                             1.3e-05  2_[+5]_4
79298                             1.4e-05  4_[+5]_2
79181                             1.4e-05  4_[+5]_2
--------------------------------------------------------------------------------

--------------------------------------------------------------------------------
	Motif TYTKCYYYCYSTCYC MEME-5 in BLOCKS format
--------------------------------------------------------------------------------
BL   MOTIF TYTKCYYYCYSTCYC width=15 seqs=12
79485                    (    3) TTTTCTCTCTCTCTC  1 
79190                    (    3) TCTGCTCTCTGTCCC  1 
79193                    (    2) TTTGCCTTCCCTCAC  1 
79375                    (    2) TATTCTCCCTCTCCT  1 
79342                    (    4) TTTTTTCCCCCTCCG  1 
79479                    (    3) TCAGCTCTCTGCCTC  1 
79346                    (    3) TTTGCTTTGTGACTG  1 
79228                    (    1) TTTGACCCTTCTCCC  1 
79572                    (    6) TCTTCCCGCTTTCCG  1 
79428                    (    3) TCTGCCTGCCATCCC  1 
79298                    (    5) TTAGCCTCGCGTCCC  1 
79181                    (    5) TGATCTTCCTCCCTC  1 
//

--------------------------------------------------------------------------------

--------------------------------------------------------------------------------
	Motif TYTKCYYYCYSTCYC MEME-5 position-specific scoring matrix
--------------------------------------------------------------------------------
log-odds matrix: alength= 4 w= 15 n= 3885 bayes= 8.78292 E= 9.3e+001 
 -1023  -1023  -1023    252 
  -109      7   -198    152 
    50  -1023  -1023    210 
 -1023  -1023     82    125 
  -109    139  -1023   -107 
 -1023     39  -1023    174 
 -1023     87  -1023    125 
 -1023     39    -98    125 
 -1023    124    -98   -107 
 -1023      7  -1023    193 
  -109     65      2   -107 
  -109    -93  -1023    210 
 -1023    165  -1023  -1023 
  -109     87  -1023     93 
 -1023    107    -40   -107 
--------------------------------------------------------------------------------

--------------------------------------------------------------------------------
	Motif TYTKCYYYCYSTCYC MEME-5 position-specific probability matrix
--------------------------------------------------------------------------------
letter-probability matrix: alength= 4 w= 15 nsites= 12 E= 9.3e+001 
 0.000000  0.000000  0.000000  1.000000 
 0.083333  0.333333  0.083333  0.500000 
 0.250000  0.000000  0.000000  0.750000 
 0.000000  0.000000  0.583333  0.416667 
 0.083333  0.833333  0.000000  0.083333 
 0.000000  0.416667  0.000000  0.583333 
 0.000000  0.583333  0.000000  0.416667 
 0.000000  0.416667  0.166667  0.416667 
 0.000000  0.750000  0.166667  0.083333 
 0.000000  0.333333  0.000000  0.666667 
 0.083333  0.500000  0.333333  0.083333 
 0.083333  0.166667  0.000000  0.750000 
 0.000000  1.000000  0.000000  0.000000 
 0.083333  0.583333  0.000000  0.333333 
 0.000000  0.666667  0.250000  0.083333 
--------------------------------------------------------------------------------

--------------------------------------------------------------------------------
	Motif TYTKCYYYCYSTCYC MEME-5 regular expression
--------------------------------------------------------------------------------
T[TC][TA][GT]C[TC][CT][CT]C[TC][CG]TC[CT][CG]
--------------------------------------------------------------------------------




Time 10.38 secs.

********************************************************************************


********************************************************************************
MOTIF TATTYTATKTAC MEME-6	width =  12  sites =   2  llr = 37  E-value = 3.9e+002
********************************************************************************
--------------------------------------------------------------------------------
	Motif TATTYTATKTAC MEME-6 Description
--------------------------------------------------------------------------------
Simplified        A  :a::::a:::a:
pos.-specific     C  ::::5::::::a
probability       G  ::::::::5:::
matrix            T  a:aa5a:a5a::

         bits    2.5 **** *** ** 
                 2.3 **** *** ** 
                 2.0 **** *** ** 
                 1.8 **** *** ***
Relative         1.5 **** *** ***
Entropy          1.3 **** *** ***
(26.4 bits)      1.0 ************
                 0.8 ************
                 0.5 ************
                 0.3 ************
                 0.0 ------------

Multilevel           TATTCTATGTAC
consensus                T   T   
sequence                         
                                 
--------------------------------------------------------------------------------

--------------------------------------------------------------------------------
	Motif TATTYTATKTAC MEME-6 sites sorted by position p-value
--------------------------------------------------------------------------------
Sequence name             Start   P-value                Site  
-------------             ----- ---------            ------------
79558                         6  4.37e-09      CCATT TATTCTATTTAC AATG      
79523                        10  7.29e-09  GTACTTTGA TATTTTATGTAC           
--------------------------------------------------------------------------------

--------------------------------------------------------------------------------
	Motif TATTYTATKTAC MEME-6 block diagrams
--------------------------------------------------------------------------------
SEQUENCE NAME            POSITION P-VALUE  MOTIF DIAGRAM
-------------            ----------------  -------------
79558                             4.4e-09  5_[+6]_4
79523                             7.3e-09  9_[+6]
--------------------------------------------------------------------------------

--------------------------------------------------------------------------------
	Motif TATTYTATKTAC MEME-6 in BLOCKS format
--------------------------------------------------------------------------------
BL   MOTIF TATTYTATKTAC width=12 seqs=2
79558                    (    6) TATTCTATTTAC  1 
79523                    (   10) TATTTTATGTAC  1 
//

--------------------------------------------------------------------------------

--------------------------------------------------------------------------------
	Motif TATTYTATKTAC MEME-6 position-specific scoring matrix
--------------------------------------------------------------------------------
log-odds matrix: alength= 4 w= 12 n= 5550 bayes= 11.4378 E= 3.9e+002 
  -765   -765   -765    251 
   249   -765   -765   -765 
  -765   -765   -765    251 
  -765   -765   -765    251 
  -765     65   -765    151 
  -765   -765   -765    251 
   249   -765   -765   -765 
  -765   -765   -765    251 
  -765   -765     60    151 
  -765   -765   -765    251 
   249   -765   -765   -765 
  -765    165   -765   -765 
--------------------------------------------------------------------------------

--------------------------------------------------------------------------------
	Motif TATTYTATKTAC MEME-6 position-specific probability matrix
--------------------------------------------------------------------------------
letter-probability matrix: alength= 4 w= 12 nsites= 2 E= 3.9e+002 
 0.000000  0.000000  0.000000  1.000000 
 1.000000  0.000000  0.000000  0.000000 
 0.000000  0.000000  0.000000  1.000000 
 0.000000  0.000000  0.000000  1.000000 
 0.000000  0.500000  0.000000  0.500000 
 0.000000  0.000000  0.000000  1.000000 
 1.000000  0.000000  0.000000  0.000000 
 0.000000  0.000000  0.000000  1.000000 
 0.000000  0.000000  0.500000  0.500000 
 0.000000  0.000000  0.000000  1.000000 
 1.000000  0.000000  0.000000  0.000000 
 0.000000  1.000000  0.000000  0.000000 
--------------------------------------------------------------------------------

--------------------------------------------------------------------------------
	Motif TATTYTATKTAC MEME-6 regular expression
--------------------------------------------------------------------------------
TATT[CT]TAT[GT]TAC
--------------------------------------------------------------------------------




Time 11.20 secs.

********************************************************************************


********************************************************************************
SUMMARY OF MOTIFS
********************************************************************************

--------------------------------------------------------------------------------
	Combined block diagrams: non-overlapping sites with p-value < 0.0001
--------------------------------------------------------------------------------
SEQUENCE NAME            COMBINED P-VALUE  MOTIF DIAGRAM
-------------            ----------------  -------------
79093                            6.69e-01  21
79094                            8.75e-02  21
79095                            6.45e-01  21
79096                            4.74e-01  21
79097                            5.07e-01  21
79098                            3.85e-02  21
79099                            4.93e-03  7_[+2(1.05e-06)]_3
79100                            9.99e-01  21
79101                            7.08e-01  21
79102                            5.86e-02  21
79103                            1.86e-04  [+4(3.73e-08)]_6
79104                            1.36e-01  21
79105                            4.72e-01  21
79106                            5.57e-01  21
79107                            6.04e-01  21
79108                            7.23e-01  21
79109                            7.25e-03  [+2(2.74e-05)]_10
79110                            9.08e-01  21
79111                            4.48e-01  21
79112                            2.51e-02  21
79113                            9.24e-01  21
79114                            3.01e-01  21
79115                            6.07e-01  21
79116                            4.98e-03  6_[+1(1.08e-06)]
79117                            8.76e-01  21
79118                            9.69e-01  21
79119                            6.93e-01  21
79120                            5.49e-01  21
79121                            5.57e-01  21
79122                            5.25e-01  21
79123                            9.99e-01  21
79124                            3.48e-01  21
79125                            3.16e-01  21
79126                            6.24e-01  21
79127                            5.21e-01  21
79128                            4.32e-01  21
79129                            4.66e-02  21
79130                            3.05e-01  21
79131                            5.89e-01  21
79132                            5.63e-01  21
79133                            7.94e-01  21
79134                            5.99e-01  21
79135                            3.11e-01  21
79136                            9.95e-01  21
79137                            5.46e-01  21
79138                            1.80e-01  21
79139                            4.50e-01  21
79140                            8.19e-01  21
79141                            8.58e-01  21
79142                            3.57e-01  21
79143                            7.59e-01  21
79144                            2.81e-01  21
79145                            8.22e-01  21
79146                            5.83e-01  21
79147                            7.22e-02  21
79148                            3.71e-01  21
79149                            7.49e-01  21
79150                            1.01e-01  21
79151                            3.44e-03  3_[+1(2.22e-06)]_3
79152                            2.07e-02  21
79153                            1.09e-02  5_[+1(8.23e-06)]_1
79154                            8.43e-01  21
79155                            7.15e-01  21
79156                            1.94e-01  21
79157                            5.72e-01  21
79158                            9.58e-01  21
79159                            6.13e-01  21
79160                            1.05e-02  21
79161                            6.05e-01  21
79162                            2.86e-01  21
79163                            4.93e-01  21
79164                            3.32e-01  21
79165                            9.51e-01  21
79166                            9.43e-01  21
79167                            2.56e-01  21
79168                            1.13e-01  21
79169                            8.47e-01  21
79170                            2.64e-02  8_[+2(4.74e-06)]_2
79171                            9.23e-01  21
79172                            5.75e-02  [+2(4.93e-05)]_10
79173                            5.09e-01  21
79174                            5.87e-01  21
79175                            7.76e-01  21
79176                            2.20e-01  21
79177                            9.71e-01  21
79178                            8.96e-01  21
79179                            9.96e-01  21
79180                            8.61e-01  21
79181                            5.12e-05  4_[+5(1.41e-05)]_2
79182                            5.95e-01  21
79183                            4.80e-01  21
79184                            3.77e-01  21
79185                            2.03e-01  21
79186                            7.41e-01  21
79187                            5.46e-01  21
79188                            4.73e-01  21
79189                            9.96e-01  21
79190                            1.19e-06  2_[+5(6.54e-08)]_4
79191                            3.19e-01  21
79192                            3.94e-01  21
79193                            2.11e-03  1_[+5(1.20e-06)]_5
79194                            7.67e-01  21
79195                            4.80e-03  [+4(6.34e-06)]_6
79196                            9.70e-01  21
79197                            8.15e-01  21
79198                            2.14e-05  6_[+3(7.68e-09)]
79199                            5.33e-01  21
79200                            6.79e-01  21
79201                            5.80e-01  21
79202                            7.86e-01  21
79203                            5.33e-01  21
79204                            8.79e-01  21
79205                            8.26e-01  21
79206                            5.25e-01  21
79207                            4.68e-01  21
79208                            1.21e-01  21
79209                            1.47e-01  21
79210                            9.01e-01  21
79211                            2.40e-01  21
79212                            7.81e-01  21
79213                            6.24e-01  21
79214                            4.52e-01  21
79215                            7.86e-01  21
79216                            8.69e-01  21
79217                            4.40e-01  21
79218                            4.99e-02  21
79219                            8.17e-01  21
79220                            8.56e-01  21
79221                            7.30e-01  21
79222                            7.47e-01  21
79223                            6.39e-01  21
79224                            7.87e-03  21
79225                            7.33e-01  21
79226                            9.38e-01  21
79227                            6.76e-01  21
79228                            1.68e-03  [+5(7.05e-06)]_6
79229                            6.49e-01  21
79230                            9.63e-01  21
79231                            9.98e-01  21
79232                            4.14e-02  5_[+2(9.65e-05)]_5
79233                            7.96e-01  21
79234                            6.33e-01  21
79235                            1.14e-01  21
79236                            8.23e-01  21
79237                            6.09e-01  21
79238                            4.93e-01  21
79239                            9.37e-01  21
79240                            3.44e-01  21
79241                            9.93e-01  21
79242                            4.98e-01  21
79243                            8.25e-01  21
79244                            8.98e-01  21
79245                            5.98e-03  1_[+2(8.49e-06)]_9
79246                            9.81e-01  21
79247                            6.76e-01  21
79248                            8.23e-01  21
79249                            2.76e-01  21
79250                            5.92e-01  21
79251                            4.72e-01  21
79252                            9.91e-01  21
79253                            4.98e-01  21
79254                            9.76e-01  21
79255                            9.92e-01  21
79256                            9.07e-01  21
79257                            6.89e-01  21
79258                            8.77e-02  2_[+2(4.03e-05)]_8
79259                            9.57e-01  21
79260                            4.43e-01  21
79261                            5.04e-01  21
79262                            4.79e-04  2_[+1(1.36e-06)]_4
79263                            8.46e-01  21
79264                            1.62e-01  21
79265                            9.22e-01  21
79266                            9.24e-01  21
79267                            5.74e-01  21
79268                            9.74e-01  21
79269                            9.60e-01  21
79270                            1.88e-07  1_[+3(3.80e-10)]_5
79271                            7.39e-01  21
79272                            7.65e-11  5_[+3(1.96e-10)]_1
79273                            2.11e-03  10_[+2(1.53e-06)]
79274                            1.94e-06  2_[+4(3.73e-08)]_4
79275                            9.90e-01  21
79276                            9.30e-01  21
79277                            1.80e-01  21
79278                            8.91e-01  21
79279                            2.22e-01  21
79280                            5.57e-01  21
79281                            7.41e-01  21
79282                            2.53e-01  21
79283                            7.50e-01  21
79284                            8.28e-01  21
79285                            9.90e-01  21
79286                            1.63e-03  [+1(4.19e-06)]_6
79287                            6.58e-02  10_[+2(3.17e-05)]
79288                            4.38e-01  21
79289                            8.21e-01  21
79290                            6.25e-01  21
79291                            8.76e-01  21
79292                            9.24e-01  21
79293                            1.68e-01  21
79294                            9.87e-01  21
79295                            1.99e-03  [+2(1.09e-05)]_10
79296                            7.39e-01  21
79297                            9.51e-01  21
79298                            7.54e-03  4_[+5(1.41e-05)]_2
79299                            5.91e-01  21
79300                            8.71e-01  21
79301                            6.10e-03  21
79302                            6.37e-01  21
79303                            6.15e-01  21
79304                            9.88e-01  21
79305                            6.00e-01  21
79306                            7.49e-01  21
79307                            3.36e-01  21
79308                            9.73e-01  21
79309                            2.93e-01  21
79310                            1.02e-01  21
79311                            3.98e-01  21
79312                            6.32e-03  21
79313                            2.86e-01  21
79314                            5.61e-01  21
79315                            9.81e-02  21
79316                            7.00e-01  21
79317                            7.74e-03  [+1(2.81e-06)]_6
79318                            9.92e-01  21
79319                            4.81e-01  21
79320                            8.35e-01  21
79321                            3.68e-01  21
79322                            3.43e-03  [+4(3.64e-06)]_6
79323                            9.47e-01  21
79324                            1.54e-01  21
79325                            2.55e-01  21
79326                            9.55e-01  21
79327                            8.73e-01  21
79328                            5.37e-01  21
79329                            1.03e-01  21
79330                            1.11e-01  21
79331                            8.90e-01  21
79332                            1.15e-03  5_[+4(1.36e-06)]_1
79333                            2.78e-02  21
79334                            7.52e-01  21
79335                            4.41e-01  21
79336                            9.59e-01  21
79337                            1.99e-05  2_[+4(1.24e-06)]_4
79338                            1.01e-02  2_[+1(8.89e-07)]_4
79339                            5.88e-01  21
79340                            6.44e-01  21
79341                            4.97e-05  2_[+1(2.94e-08)]_4
79342                            7.97e-04  3_[+5(4.14e-06)]_3
79343                            7.49e-01  21
79344                            4.20e-01  21
79345                            7.22e-04  6_[+1(1.69e-07)]
79346                            6.00e-03  2_[+5(7.05e-06)]_4
79347                            7.28e-01  21
79348                            7.81e-01  21
79349                            3.01e-03  21
79350                            2.69e-01  21
79351                            1.51e-01  21
79352                            2.38e-03  6_[+4(1.02e-06)]
79353                            4.99e-01  21
79354                            9.39e-01  21
79355                            6.93e-01  21
79356                            1.28e-02  3_[+2(5.13e-06)]_7
79357                            6.32e-02  1_[+4(9.29e-05)]_5
79358                            9.66e-01  21
79359                            4.67e-01  21
79360                            5.52e-01  21
79361                            2.07e-01  21
79362                            5.96e-01  21
79363                            5.18e-01  21
79364                            2.98e-01  21
79365                            9.06e-01  21
79366                            9.47e-01  21
79367                            2.32e-01  21
79368                            7.33e-01  21
79369                            2.96e-01  21
79370                            2.25e-04  4_[+4(1.30e-05)]_2
79371                            7.74e-01  21
79372                            1.24e-01  21
79373                            9.90e-02  21
79374                            6.75e-01  21
79375                            3.80e-04  1_[+5(1.88e-06)]_5
79376                            2.89e-01  21
79377                            9.82e-01  21
79378                            8.33e-01  21
79379                            7.37e-01  21
79380                            8.85e-01  21
79381                            9.65e-01  21
79382                            7.12e-01  21
79383                            9.28e-01  21
79384                            8.27e-04  21
79385                            7.86e-01  21
79386                            2.13e-01  21
79387                            6.44e-01  21
79388                            9.87e-01  21
79389                            4.99e-01  21
79390                            2.74e-01  21
79391                            2.74e-01  21
79392                            2.62e-01  21
79393                            1.16e-03  1_[+2(6.18e-08)]_9
79394                            8.96e-01  21
79395                            1.44e-01  21
79396                            6.60e-01  21
79397                            1.30e-01  21
79398                            9.72e-01  21
79399                            9.89e-01  21
79400                            8.47e-03  [+1(2.22e-06)]_6
79401                            4.48e-01  21
79402                            6.01e-01  21
79403                            7.69e-01  21
79404                            5.63e-01  21
79405                            2.72e-01  21
79406                            9.84e-01  21
79407                            8.99e-01  21
79408                            8.86e-01  21
79409                            9.01e-01  21
79410                            4.19e-01  21
79411                            5.08e-01  21
79412                            6.50e-01  21
79413                            3.12e-01  21
79414                            2.39e-01  21
79415                            9.36e-01  21
79416                            2.35e-01  21
79417                            3.00e-01  21
79418                            8.35e-01  21
79419                            6.09e-01  21
79420                            8.03e-01  21
79421                            7.55e-01  21
79422                            5.31e-01  21
79423                            1.33e-01  21
79424                            6.60e-01  21
79425                            7.13e-02  21
79426                            2.34e-01  21
79427                            3.43e-03  6_[+1(4.41e-06)]
79428                            3.99e-02  2_[+5(1.31e-05)]_4
79429                            1.05e-01  21
79430                            8.24e-01  21
79431                            5.83e-01  21
79432                            4.12e-01  21
79433                            8.64e-01  21
79434                            1.74e-04  5_[+1(5.45e-07)]_1
79435                            8.25e-01  21
79436                            6.48e-01  21
79437                            7.31e-01  21
79438                            7.79e-01  21
79439                            9.96e-01  21
79440                            6.09e-01  21
79441                            9.81e-01  21
79442                            5.60e-01  21
79443                            2.19e-01  21
79444                            9.91e-01  21
79445                            9.70e-01  21
79446                            9.97e-01  21
79447                            2.13e-02  21
79448                            6.02e-01  21
79449                            9.57e-01  21
79450                            3.22e-01  21
79451                            4.72e-01  21
79452                            4.93e-01  21
79453                            9.01e-04  10_[+2(7.81e-06)]
79454                            7.00e-03  2_[+2(1.05e-06)]_8
79455                            1.19e-01  21
79456                            3.25e-02  21
79457                            1.88e-01  21
79458                            2.23e-03  6_[+1(1.08e-06)]
79459                            2.63e-01  21
79460                            6.77e-01  21
79461                            9.03e-01  21
79462                            8.86e-01  21
79463                            7.07e-01  21
79464                            1.37e-01  21
79465                            9.93e-01  21
79466                            3.57e-01  21
79467                            9.94e-01  21
79468                            4.45e-01  21
79469                            9.46e-02  21
79470                            8.84e-01  21
79471                            6.64e-01  21
79472                            4.73e-01  21
79473                            2.80e-02  3_[+2(6.96e-06)]_7
79474                            2.71e-01  21
79475                            5.58e-01  21
79476                            9.55e-01  21
79477                            8.74e-01  21
79478                            8.21e-01  21
79479                            3.12e-04  2_[+5(5.42e-06)]_4
79480                            9.88e-01  21
79481                            5.00e-02  9_[+2(5.54e-06)]_1
79482                            9.87e-01  21
79483                            7.91e-01  21
79484                            3.90e-01  21
79485                            2.82e-06  2_[+5(5.71e-10)]_4
79486                            3.69e-01  21
79487                            9.48e-01  21
79488                            2.38e-04  4_[+4(2.31e-05)]_2
79489                            4.54e-01  21
79490                            1.29e-01  21
79491                            2.82e-01  21
79492                            1.37e-01  21
79493                            7.47e-01  21
79494                            6.22e-02  21
79495                            1.60e-04  1_[+4(3.64e-06)]_5
79496                            9.67e-01  21
79497                            4.26e-01  21
79498                            8.12e-01  21
79499                            3.38e-01  21
79500                            2.84e-02  21
79501                            8.29e-01  21
79502                            9.53e-01  21
79503                            3.37e-01  21
79504                            2.66e-02  21
79505                            8.81e-01  21
79506                            1.53e-02  21
79507                            4.77e-01  21
79508                            5.54e-01  21
79509                            6.65e-01  21
79510                            1.00e+00  21
79511                            2.11e-01  21
79512                            8.35e-02  21
79513                            8.17e-01  21
79514                            6.12e-01  21
79515                            3.78e-01  21
79516                            9.80e-01  21
79517                            8.49e-01  21
79518                            4.40e-01  21
79519                            2.81e-01  21
79520                            2.36e-01  21
79521                            8.29e-01  21
79522                            9.15e-01  21
79523                            1.98e-05  9_[+6(7.29e-09)]
79524                            9.29e-01  21
79525                            7.28e-01  21
79526                            7.11e-01  21
79527                            9.69e-01  21
79528                            6.15e-01  21
79529                            2.85e-01  21
79530                            4.33e-02  21
79531                            6.01e-01  21
79532                            8.53e-01  21
79533                            3.78e-02  8_[+2(1.33e-05)]_2
79534                            5.36e-01  21
79535                            2.18e-02  21
79536                            3.47e-01  21
79537                            7.25e-01  21
79538                            1.05e-01  21
79539                            9.98e-01  21
79540                            9.48e-01  21
79541                            6.74e-01  21
79542                            5.37e-01  21
79543                            1.66e-01  21
79544                            6.03e-02  21
79545                            1.20e-01  21
79546                            6.80e-01  21
79547                            9.75e-01  21
79548                            8.94e-01  21
79549                            1.55e-01  21
79550                            7.75e-01  21
79551                            1.09e-01  21
79552                            9.02e-01  21
79553                            8.54e-01  21
79554                            6.97e-02  21
79555                            4.14e-01  21
79556                            3.86e-01  21
79557                            5.77e-01  21
79558                            4.92e-06  5_[+6(4.37e-09)]_4
79559                            6.74e-01  21
79560                            9.61e-01  21
79561                            5.80e-01  21
79562                            3.02e-01  21
79563                            4.41e-01  21
79564                            3.07e-02  21
79565                            8.01e-01  21
79566                            8.18e-01  21
79567                            9.94e-01  21
79568                            4.85e-01  21
79569                            6.98e-01  21
79570                            4.81e-01  21
79571                            9.21e-01  21
79572                            5.76e-04  5_[+5(1.13e-05)]_1
79573                            5.79e-01  21
79574                            9.90e-01  21
79575                            3.46e-01  21
79576                            2.05e-01  21
79577                            8.18e-01  21
79578                            6.70e-01  21
79579                            3.92e-01  21
79580                            1.91e-03  1_[+4(3.07e-06)]_5
79581                            8.62e-01  21
79582                            2.26e-02  21
79583                            7.29e-01  21
79584                            3.38e-02  21
79585                            9.98e-01  21
79586                            4.37e-01  21
79587                            6.76e-01  21
79588                            8.11e-01  21
79589                            3.84e-01  21
79590                            9.45e-01  21
79591                            8.03e-01  21
79592                            9.04e-01  21
79593                            4.86e-01  21
79594                            9.63e-01  21
79595                            8.22e-01  21
79596                            9.26e-01  21
79597                            6.39e-01  21
79598                            3.15e-02  7_[+2(2.07e-06)]_3
79599                            1.48e-01  21
79600                            1.96e-02  21
79601                            6.09e-01  21
79602                            9.22e-01  21
79603                            1.53e-02  21
79604                            7.17e-01  21
79605                            3.44e-01  21
79606                            9.40e-01  21
79607                            5.90e-02  21
79608                            7.19e-01  21
79609                            8.40e-01  21
79610                            2.19e-01  21
79611                            3.32e-01  21
79612                            5.86e-01  21
79613                            6.70e-01  21
79614                            9.99e-01  21
79615                            9.46e-01  21
79616                            9.75e-01  21
79617                            9.25e-01  21
79618                            8.05e-01  21
79619                            9.97e-01  21
79620                            8.93e-01  21
79621                            6.93e-01  21
79622                            4.16e-03  5_[+2(4.39e-06)]_5
79623                            9.77e-01  21
79624                            7.88e-02  21
79625                            4.92e-02  21
79626                            9.41e-01  21
79627                            9.95e-01  21
79628                            1.03e-01  21
79629                            9.63e-01  21
79630                            6.76e-01  21
79631                            7.10e-01  21
79632                            2.28e-01  21
79633                            2.38e-01  21
79634                            1.72e-01  21
79635                            2.93e-01  21
79636                            7.07e-01  21
79637                            6.58e-01  21
79638                            2.51e-01  21
79639                            9.19e-01  21
79640                            6.07e-01  21
79641                            7.52e-01  21
79642                            4.73e-02  21
79643                            3.64e-01  21
79644                            9.80e-01  21
79645                            8.38e-01  21
79646                            9.52e-01  21
79647                            9.70e-04  [+1(1.36e-06)]_6
--------------------------------------------------------------------------------

********************************************************************************


********************************************************************************
Stopped because requested number of motifs (6) found.
********************************************************************************

CPU: ip-172-31-25-197

********************************************************************************
