********************************************************************************
MEME - Motif discovery tool
********************************************************************************
MEME version 5.5.5 (Release date: Thu Sep 14 08:48:04 2023 +1000)

For further information on how to interpret these results please access https://meme-suite.org/meme.
To get a copy of the MEME Suite software please access https://meme-suite.org.

********************************************************************************


********************************************************************************
REFERENCE
********************************************************************************
If you use this program in your research, please cite:

Timothy L. Bailey and Charles Elkan,
"Fitting a mixture model by expectation maximization to
discover motifs in biopolymers",
Proceedings of the Second International Conference on Intelligent Systems
for Molecular Biology, pp. 28-36, AAAI Press, Menlo Park, California, 1994.
********************************************************************************


********************************************************************************
TRAINING SET
********************************************************************************
PRIMARY SEQUENCES= data/tmp_memedir_fin/5_FALSE_TRUE_FALSE_NA_30_53_215/SALL3.fasta
CONTROL SEQUENCES= --none--
ALPHABET= ACGT
Sequence name            Weight Length  Sequence name            Weight Length  
-------------            ------ ------  -------------            ------ ------  
33028                    1.0000     11  33029                    1.0000     11  
33030                    1.0000     11  33031                    1.0000     11  
33032                    1.0000     11  33033                    1.0000     11  
33034                    1.0000     11  33035                    1.0000     11  
33036                    1.0000     11  33037                    1.0000     11  
33038                    1.0000     11  33039                    1.0000     11  
33040                    1.0000     11  33041                    1.0000     11  
33042                    1.0000     11  33043                    1.0000     11  
33044                    1.0000     11  33045                    1.0000     11  
33046                    1.0000     11  33047                    1.0000     11  
33048                    1.0000     11  33049                    1.0000     11  
33050                    1.0000     11  33051                    1.0000     11  
33052                    1.0000     11  33053                    1.0000     11  
33054                    1.0000     11  33055                    1.0000     11  
33056                    1.0000     11  33057                    1.0000     11  
33058                    1.0000     11  33059                    1.0000     11  
33060                    1.0000     11  33061                    1.0000     11  
33062                    1.0000     11  33063                    1.0000     11  
33064                    1.0000     11  33065                    1.0000     11  
33066                    1.0000     11  33067                    1.0000     11  
33068                    1.0000     11  33069                    1.0000     11  
33070                    1.0000     11  33071                    1.0000     11  
33072                    1.0000     11  33073                    1.0000     11  
33074                    1.0000     11  33075                    1.0000     11  
33076                    1.0000     11  33077                    1.0000     11  
33078                    1.0000     11  33079                    1.0000     11  
33080                    1.0000     11  33081                    1.0000     11  
33082                    1.0000     11  33083                    1.0000     11  
33084                    1.0000     11  33085                    1.0000     11  
33086                    1.0000     11  33087                    1.0000     11  
33088                    1.0000     11  33089                    1.0000     11  
33090                    1.0000     11  33091                    1.0000     11  
33092                    1.0000     11  33093                    1.0000     11  
33094                    1.0000     11  33095                    1.0000     11  
33096                    1.0000     11  33097                    1.0000     11  
33098                    1.0000     11  33099                    1.0000     11  
33100                    1.0000     11  33101                    1.0000     11  
33102                    1.0000     11  33103                    1.0000     11  
33104                    1.0000     11  33105                    1.0000     11  
33106                    1.0000     11  33107                    1.0000     11  
33108                    1.0000     11  33109                    1.0000     11  
33110                    1.0000     11  33111                    1.0000     11  
33112                    1.0000     11  33113                    1.0000     11  
33114                    1.0000     11  33115                    1.0000     11  
33116                    1.0000     11  33117                    1.0000     11  
33118                    1.0000     11  33119                    1.0000     11  
33120                    1.0000     11  33121                    1.0000     11  
33122                    1.0000     11  33123                    1.0000     11  
33124                    1.0000     11  33125                    1.0000     11  
33126                    1.0000     11  33127                    1.0000     11  
33128                    1.0000     11  33129                    1.0000     11  
33130                    1.0000     11  33131                    1.0000     11  
33132                    1.0000     11  33133                    1.0000     11  
33134                    1.0000     11  33135                    1.0000     11  
33136                    1.0000     11  33137                    1.0000     11  
33138                    1.0000     11  33139                    1.0000     11  
33140                    1.0000     11  33141                    1.0000     11  
33142                    1.0000     11  33143                    1.0000     11  
33144                    1.0000     11  33145                    1.0000     11  
33146                    1.0000     11  33147                    1.0000     11  
33148                    1.0000     11  33149                    1.0000     11  
33150                    1.0000     11  33151                    1.0000     11  
33152                    1.0000     11  33153                    1.0000     11  
33154                    1.0000     11  33155                    1.0000     11  
33156                    1.0000     11  33157                    1.0000     11  
33158                    1.0000     11  33159                    1.0000     11  
33160                    1.0000     11  33161                    1.0000     11  
33162                    1.0000     11  33163                    1.0000     11  
33164                    1.0000     11  33165                    1.0000     11  
33166                    1.0000     11  33167                    1.0000     11  
33168                    1.0000     11  33169                    1.0000     11  
33170                    1.0000     11  33171                    1.0000     11  
33172                    1.0000     11  33173                    1.0000     11  
33174                    1.0000     11  33175                    1.0000     11  
33176                    1.0000     11  33177                    1.0000     11  
33178                    1.0000     11  33179                    1.0000     11  
33180                    1.0000     11  33181                    1.0000     11  
33182                    1.0000     11  33183                    1.0000     11  
33184                    1.0000     11  33185                    1.0000     11  
33186                    1.0000     11  33187                    1.0000     11  
33188                    1.0000     11  33189                    1.0000     11  
33190                    1.0000     11  33191                    1.0000     11  
33192                    1.0000     11  33193                    1.0000     11  
33194                    1.0000     11  33195                    1.0000     11  
33196                    1.0000     11  33197                    1.0000     11  
33198                    1.0000     11  33199                    1.0000     11  
33200                    1.0000     11  33201                    1.0000     11  
33202                    1.0000     11  33203                    1.0000     11  
33204                    1.0000     11  33205                    1.0000     11  
33206                    1.0000     11  33207                    1.0000     11  
33208                    1.0000     11  33209                    1.0000     11  
33210                    1.0000     11  33211                    1.0000     11  
33212                    1.0000     11  33213                    1.0000     11  
33214                    1.0000     11  33215                    1.0000     11  
33216                    1.0000     11  33217                    1.0000     11  
33218                    1.0000     11  33219                    1.0000     11  
33220                    1.0000     11  33221                    1.0000     11  
33222                    1.0000     11  33223                    1.0000     11  
33224                    1.0000     11  33225                    1.0000     11  
33226                    1.0000     11  33227                    1.0000     11  
33228                    1.0000     11  33229                    1.0000     11  
33230                    1.0000     11  33231                    1.0000     11  
33232                    1.0000     11  33233                    1.0000     11  
33234                    1.0000     11  33235                    1.0000     11  
33236                    1.0000     11  33237                    1.0000     11  
33238                    1.0000     11  33239                    1.0000     11  
33240                    1.0000     11  33241                    1.0000     11  
33242                    1.0000     11  33243                    1.0000     11  
33244                    1.0000     11  33245                    1.0000     11  
33246                    1.0000     11  33247                    1.0000     11  
33248                    1.0000     11  33249                    1.0000     11  
33250                    1.0000     11  33251                    1.0000     11  
33252                    1.0000     11  33253                    1.0000     11  
33254                    1.0000     11  33255                    1.0000     11  
33256                    1.0000     11  33257                    1.0000     11  
33258                    1.0000     11  33259                    1.0000     11  
33260                    1.0000     11  33261                    1.0000     11  
33262                    1.0000     11  33263                    1.0000     11  
33264                    1.0000     11  33265                    1.0000     11  
33266                    1.0000     11  33267                    1.0000     11  
33268                    1.0000     11  33269                    1.0000     11  
33270                    1.0000     11  33271                    1.0000     11  
33272                    1.0000     11  33273                    1.0000     11  
33274                    1.0000     11  33275                    1.0000     11  
33276                    1.0000     11  33277                    1.0000     11  
33278                    1.0000     11  33279                    1.0000     11  
33280                    1.0000     11  33281                    1.0000     11  
33282                    1.0000     11  33283                    1.0000     11  
33284                    1.0000     11  33285                    1.0000     11  
33286                    1.0000     11  33287                    1.0000     11  
33288                    1.0000     11  33289                    1.0000     11  
33290                    1.0000     11  33291                    1.0000     11  
33292                    1.0000     11  33293                    1.0000     11  
33294                    1.0000     11  33295                    1.0000     11  
33296                    1.0000     11  33297                    1.0000     11  
33298                    1.0000     11  33299                    1.0000     11  
33300                    1.0000     11  33301                    1.0000     11  
33302                    1.0000     11  33303                    1.0000     11  
33304                    1.0000     11  33305                    1.0000     11  
33306                    1.0000     11  33307                    1.0000     11  
33308                    1.0000     11  33309                    1.0000     11  
33310                    1.0000     11  33311                    1.0000     11  
33312                    1.0000     11  33313                    1.0000     11  
33314                    1.0000     11  33315                    1.0000     11  
33316                    1.0000     11  33317                    1.0000     11  
33318                    1.0000     11  33319                    1.0000     11  
33320                    1.0000     11  33321                    1.0000     11  
33322                    1.0000     11  33323                    1.0000     11  
33324                    1.0000     11  33325                    1.0000     11  
33326                    1.0000     11  33327                    1.0000     11  
33328                    1.0000     11  33329                    1.0000     11  
33330                    1.0000     11  33331                    1.0000     11  
33332                    1.0000     11  33333                    1.0000     11  
33334                    1.0000     11  33335                    1.0000     11  
33336                    1.0000     11  33337                    1.0000     11  
33338                    1.0000     11  33339                    1.0000     11  
33340                    1.0000     11  33341                    1.0000     11  
33342                    1.0000     11  33343                    1.0000     11  
33344                    1.0000     11  33345                    1.0000     11  
33346                    1.0000     11  33347                    1.0000     11  
33348                    1.0000     11  33349                    1.0000     11  
33350                    1.0000     11  33351                    1.0000     11  
33352                    1.0000     11  33353                    1.0000     11  
33354                    1.0000     11  33355                    1.0000     11  
33356                    1.0000     11  33357                    1.0000     11  
33358                    1.0000     11  33359                    1.0000     11  
33360                    1.0000     11  33361                    1.0000     11  
33362                    1.0000     11  33363                    1.0000     11  
33364                    1.0000     11  33365                    1.0000     11  
33366                    1.0000     11  33367                    1.0000     11  
33368                    1.0000     11  33369                    1.0000     11  
33370                    1.0000     11  33371                    1.0000     11  
33372                    1.0000     11  33373                    1.0000     11  
33374                    1.0000     11  33375                    1.0000     11  
33376                    1.0000     11  33377                    1.0000     11  
33378                    1.0000     11  33379                    1.0000     11  
33380                    1.0000     11  33381                    1.0000     11  
33382                    1.0000     11  33383                    1.0000     11  
33384                    1.0000     11  33385                    1.0000     11  
33386                    1.0000     11  33387                    1.0000     11  
33388                    1.0000     11  33389                    1.0000     11  
33390                    1.0000     11  33391                    1.0000     11  
33392                    1.0000     11  33393                    1.0000     11  
33394                    1.0000     11  33395                    1.0000     11  
33396                    1.0000     11  33397                    1.0000     11  
33398                    1.0000     11  33399                    1.0000     11  
33400                    1.0000     11  33401                    1.0000     11  
33402                    1.0000     11  33403                    1.0000     11  
33404                    1.0000     11  33405                    1.0000     11  
33406                    1.0000     11  33407                    1.0000     11  
33408                    1.0000     11  33409                    1.0000     11  
33410                    1.0000     11  33411                    1.0000     11  
33412                    1.0000     11  33413                    1.0000     11  
33414                    1.0000     11  33415                    1.0000     11  
33416                    1.0000     11  33417                    1.0000     11  
33418                    1.0000     11  33419                    1.0000     11  
33420                    1.0000     11  33421                    1.0000     11  
33422                    1.0000     11  33423                    1.0000     11  
33424                    1.0000     11  33425                    1.0000     11  
33426                    1.0000     11  33427                    1.0000     11  
33428                    1.0000     11  33429                    1.0000     11  
33430                    1.0000     11  33431                    1.0000     11  
33432                    1.0000     11  33433                    1.0000     11  
33434                    1.0000     11  33435                    1.0000     11  
33436                    1.0000     11  33437                    1.0000     11  
33438                    1.0000     11  33439                    1.0000     11  
33440                    1.0000     11  33441                    1.0000     11  
33442                    1.0000     11  33443                    1.0000     11  
33444                    1.0000     11  33445                    1.0000     11  
33446                    1.0000     11  33447                    1.0000     11  
33448                    1.0000     11  33449                    1.0000     11  
33450                    1.0000     11  33451                    1.0000     11  
33452                    1.0000     11  33453                    1.0000     11  
33454                    1.0000     11  33455                    1.0000     11  
33456                    1.0000     11  33457                    1.0000     11  
33458                    1.0000     11  33459                    1.0000     11  
33460                    1.0000     11  33461                    1.0000     11  
33462                    1.0000     11  33463                    1.0000     11  
33464                    1.0000     11  33465                    1.0000     11  
33466                    1.0000     11  33467                    1.0000     11  
33468                    1.0000     11  33469                    1.0000     11  
33470                    1.0000     11  33471                    1.0000     11  
33472                    1.0000     11  33473                    1.0000     11  
33474                    1.0000     11  33475                    1.0000     11  
33476                    1.0000     11  33477                    1.0000     11  
33478                    1.0000     11  33479                    1.0000     11  
33480                    1.0000     11  33481                    1.0000     11  
33482                    1.0000     11  33483                    1.0000     11  
33484                    1.0000     11  33485                    1.0000     11  
33486                    1.0000     11  33487                    1.0000     11  
33488                    1.0000     11  33489                    1.0000     11  
33490                    1.0000     11  33491                    1.0000     11  
33492                    1.0000     11  33493                    1.0000     11  
33494                    1.0000     11  33495                    1.0000     11  
33496                    1.0000     11  33497                    1.0000     11  
33498                    1.0000     11  33499                    1.0000     11  
33500                    1.0000     11  33501                    1.0000     11  
33502                    1.0000     11  33503                    1.0000     11  
33504                    1.0000     11  33505                    1.0000     11  
33506                    1.0000     11  33507                    1.0000     11  
33508                    1.0000     11  33509                    1.0000     11  
33510                    1.0000     11  33511                    1.0000     11  
33512                    1.0000     11  33513                    1.0000     11  
33514                    1.0000     11  33515                    1.0000     11  
33516                    1.0000     11  33517                    1.0000     11  
33518                    1.0000     11  33519                    1.0000     11  
33520                    1.0000     11  33521                    1.0000     11  
33522                    1.0000     11  33523                    1.0000     11  
33524                    1.0000     11  33525                    1.0000     11  
33526                    1.0000     11  33527                    1.0000     11  
33528                    1.0000     11  33529                    1.0000     11  
33530                    1.0000     11  33531                    1.0000     11  
33532                    1.0000     11  33533                    1.0000     11  
33534                    1.0000     11  33535                    1.0000     11  
33536                    1.0000     11  33537                    1.0000     11  
33538                    1.0000     11  33539                    1.0000     11  
33540                    1.0000     11  33541                    1.0000     11  
33542                    1.0000     11  33543                    1.0000     11  
33544                    1.0000     11  33545                    1.0000     11  
33546                    1.0000     11  33547                    1.0000     11  
33548                    1.0000     11  33549                    1.0000     11  
33550                    1.0000     11  33551                    1.0000     11  
33552                    1.0000     11  33553                    1.0000     11  
33554                    1.0000     11  33555                    1.0000     11  
33556                    1.0000     11  33557                    1.0000     11  
33558                    1.0000     11  33559                    1.0000     11  
33560                    1.0000     11  33561                    1.0000     11  
33562                    1.0000     11  33563                    1.0000     11  
33564                    1.0000     11  33565                    1.0000     11  
33566                    1.0000     11  33567                    1.0000     11  
33568                    1.0000     11  33569                    1.0000     11  
33570                    1.0000     11  33571                    1.0000     11  
33572                    1.0000     11  33573                    1.0000     11  
********************************************************************************

********************************************************************************
COMMAND LINE SUMMARY
********************************************************************************
This information can also be useful in the event you wish to report a
problem with the MEME software.

command: meme data/tmp_memedir_fin/5_FALSE_TRUE_FALSE_NA_30_53_215/SALL3.fasta -oc data/tmp_memedir_fin/5_FALSE_TRUE_FALSE_NA_30_53_215/SALL3 -nmotifs 6 -dna -maxw 30 -p 7 -seed 53 

model:  mod=         zoops    nmotifs=         6    evt=           inf
objective function:           em=       E-value of product of p-values
                              starts=   E-value of product of p-values
strands: +
width:  minw=            8    maxw=           11
nsites: minsites=        2    maxsites=      546    wnsites=       0.8
theta:  spmap=         uni    spfuzz=        0.5
em:     prior=   dirichlet    b=            0.01    maxiter=        50
        distance=    1e-05
trim:   wg=             11    ws=              1    endgaps=       yes
data:   n=            6006    N=             546
sample: seed=           53    hsfrac=          0
        searchsize=   6006    norand=         no    csites=       1000
Letter frequencies in dataset:
A 0.37 C 0.119 G 0.137 T 0.374 
Background letter frequencies (from file dataset with add-one prior applied):
A 0.37 C 0.119 G 0.137 T 0.374 
Background model order: 0
********************************************************************************


********************************************************************************
MOTIF GGRVSKKSSNG MEME-1	width =  11  sites =   9  llr = 87  E-value = 1.8e-003
********************************************************************************
--------------------------------------------------------------------------------
	Motif GGRVSKKSSNG MEME-1 Description
--------------------------------------------------------------------------------
Simplified        A  1242:::1:2:
pos.-specific     C  11:362:3632
probability       G  87634344428
matrix            T  :::1:461:2:

         bits    3.1            
                 2.8            
                 2.5            
                 2.1           *
Relative         1.8 *   *   * *
Entropy          1.5 *   *   * *
(14.0 bits)      1.2 *** * * * *
                 0.9 *** * *** *
                 0.6 ********* *
                 0.3 ***********
                 0.0 -----------

Multilevel           GGGCCTTGCCG
consensus             AAGGGGCGAC
sequence                A C   G 
                              T 
--------------------------------------------------------------------------------

--------------------------------------------------------------------------------
	Motif GGRVSKKSSNG MEME-1 sites sorted by position p-value
--------------------------------------------------------------------------------
Sequence name             Start   P-value               Site  
-------------             ----- ---------            -----------
33464                         1  1.21e-06          . GGGTCCTCCCG           
33398                         1  2.45e-06          . GGACGTGCCTG           
33337                         1  3.03e-06          . GGAGGGTGCAG           
33034                         1  3.03e-06          . GGGCCTGTGGG           
33341                         1  8.43e-06          . CAGCCTGGGCG           
33197                         1  1.02e-05          . GAGACGGGGCC           
33306                         1  2.81e-05          . GCAGCCTGGGC           
33073                         1  6.27e-05          . GGAGGTTACAG           
33367                         1  7.07e-05          . AGGAGGTCCTG           
--------------------------------------------------------------------------------

--------------------------------------------------------------------------------
	Motif GGRVSKKSSNG MEME-1 block diagrams
--------------------------------------------------------------------------------
SEQUENCE NAME            POSITION P-VALUE  MOTIF DIAGRAM
-------------            ----------------  -------------
33464                             1.2e-06  [+1]
33398                             2.4e-06  [+1]
33337                               3e-06  [+1]
33034                               3e-06  [+1]
33341                             8.4e-06  [+1]
33197                               1e-05  [+1]
33306                             2.8e-05  [+1]
33073                             6.3e-05  [+1]
33367                             7.1e-05  [+1]
--------------------------------------------------------------------------------

--------------------------------------------------------------------------------
	Motif GGRVSKKSSNG MEME-1 in BLOCKS format
--------------------------------------------------------------------------------
BL   MOTIF GGRVSKKSSNG width=11 seqs=9
33464                    (    1) GGGTCCTCCCG  1 
33398                    (    1) GGACGTGCCTG  1 
33337                    (    1) GGAGGGTGCAG  1 
33034                    (    1) GGGCCTGTGGG  1 
33341                    (    1) CAGCCTGGGCG  1 
33197                    (    1) GAGACGGGGCC  1 
33306                    (    1) GCAGCCTGGGC  1 
33073                    (    1) GGAGGTTACAG  1 
33367                    (    1) AGGAGGTCCTG  1 
//

--------------------------------------------------------------------------------

--------------------------------------------------------------------------------
	Motif GGRVSKKSSNG MEME-1 position-specific scoring matrix
--------------------------------------------------------------------------------
log-odds matrix: alength= 4 w= 11 n= 546 bayes= 7.31821 E= 1.8e-003 
  -173    -10    251   -982 
   -74    -10    228   -982 
    26   -982    202   -982 
   -74    148    128   -175 
  -982    222    170   -982 
  -982     89    128     25 
  -982   -982    170     57 
  -173    148    170   -175 
  -982    222    170   -982 
   -74    148     70    -75 
  -982     89    251   -982 
--------------------------------------------------------------------------------

--------------------------------------------------------------------------------
	Motif GGRVSKKSSNG MEME-1 position-specific probability matrix
--------------------------------------------------------------------------------
letter-probability matrix: alength= 4 w= 11 nsites= 9 E= 1.8e-003 
 0.111111  0.111111  0.777778  0.000000 
 0.222222  0.111111  0.666667  0.000000 
 0.444444  0.000000  0.555556  0.000000 
 0.222222  0.333333  0.333333  0.111111 
 0.000000  0.555556  0.444444  0.000000 
 0.000000  0.222222  0.333333  0.444444 
 0.000000  0.000000  0.444444  0.555556 
 0.111111  0.333333  0.444444  0.111111 
 0.000000  0.555556  0.444444  0.000000 
 0.222222  0.333333  0.222222  0.222222 
 0.000000  0.222222  0.777778  0.000000 
--------------------------------------------------------------------------------

--------------------------------------------------------------------------------
	Motif GGRVSKKSSNG MEME-1 regular expression
--------------------------------------------------------------------------------
G[GA][GA][CGA][CG][TGC][TG][GC][CG][CAGT][GC]
--------------------------------------------------------------------------------




Time  2.35 secs.

********************************************************************************


********************************************************************************
MOTIF CAYKSCAG MEME-2	width =   8  sites =   5  llr = 52  E-value = 6.1e+001
********************************************************************************
--------------------------------------------------------------------------------
	Motif CAYKSCAG MEME-2 Description
--------------------------------------------------------------------------------
Simplified        A  :a::::8:
pos.-specific     C  a:6:6a:2
probability       G  :::44::8
matrix            T  ::46::2:

         bits    3.1 *    *  
                 2.8 *    *  
                 2.5 *    *  
                 2.1 *   ** *
Relative         1.8 *   ** *
Entropy          1.5 *** ** *
(14.9 bits)      1.2 *** ** *
                 0.9 ****** *
                 0.6 ********
                 0.3 ********
                 0.0 --------

Multilevel           CACTCCAG
consensus              TGG TC
sequence                     
                             
--------------------------------------------------------------------------------

--------------------------------------------------------------------------------
	Motif CAYKSCAG MEME-2 sites sorted by position p-value
--------------------------------------------------------------------------------
Sequence name             Start   P-value              Site
-------------             ----- ---------            --------
33113                         4  2.52e-06        CTG CACTCCAG           
33355                         4  4.13e-06        GCT CACTGCAG           
33259                         3  5.10e-06         AC CACGCCTG G         
33548                         1  2.54e-05          . CATTGCAG CCT       
33241                         2  2.68e-05          T CATGCCAC TG        
--------------------------------------------------------------------------------

--------------------------------------------------------------------------------
	Motif CAYKSCAG MEME-2 block diagrams
--------------------------------------------------------------------------------
SEQUENCE NAME            POSITION P-VALUE  MOTIF DIAGRAM
-------------            ----------------  -------------
33113                             2.5e-06  3_[+2]
33355                             4.1e-06  3_[+2]
33259                             5.1e-06  2_[+2]_1
33548                             2.5e-05  [+2]_3
33241                             2.7e-05  1_[+2]_2
--------------------------------------------------------------------------------

--------------------------------------------------------------------------------
	Motif CAYKSCAG MEME-2 in BLOCKS format
--------------------------------------------------------------------------------
BL   MOTIF CAYKSCAG width=8 seqs=5
33113                    (    4) CACTCCAG  1 
33355                    (    4) CACTGCAG  1 
33259                    (    3) CACGCCTG  1 
33548                    (    1) CATTGCAG  1 
33241                    (    2) CATGCCAC  1 
//

--------------------------------------------------------------------------------

--------------------------------------------------------------------------------
	Motif CAYKSCAG MEME-2 position-specific scoring matrix
--------------------------------------------------------------------------------
log-odds matrix: alength= 4 w= 8 n= 2184 bayes= 9.71253 E= 6.1e+001 
  -897    306   -897   -897 
   143   -897   -897   -897 
  -897    233   -897     10 
  -897   -897    155     68 
  -897    233    155   -897 
  -897    306   -897   -897 
   111   -897   -897    -90 
  -897     74    255   -897 
--------------------------------------------------------------------------------

--------------------------------------------------------------------------------
	Motif CAYKSCAG MEME-2 position-specific probability matrix
--------------------------------------------------------------------------------
letter-probability matrix: alength= 4 w= 8 nsites= 5 E= 6.1e+001 
 0.000000  1.000000  0.000000  0.000000 
 1.000000  0.000000  0.000000  0.000000 
 0.000000  0.600000  0.000000  0.400000 
 0.000000  0.000000  0.400000  0.600000 
 0.000000  0.600000  0.400000  0.000000 
 0.000000  1.000000  0.000000  0.000000 
 0.800000  0.000000  0.000000  0.200000 
 0.000000  0.200000  0.800000  0.000000 
--------------------------------------------------------------------------------

--------------------------------------------------------------------------------
	Motif CAYKSCAG MEME-2 regular expression
--------------------------------------------------------------------------------
CA[CT][TG][CG]C[AT][GC]
--------------------------------------------------------------------------------




Time  2.52 secs.

********************************************************************************


********************************************************************************
MOTIF SSAGARGG MEME-3	width =   8  sites =   3  llr = 36  E-value = 2.1e+002
********************************************************************************
--------------------------------------------------------------------------------
	Motif SSAGARGG MEME-3 Description
--------------------------------------------------------------------------------
Simplified        A  ::a:a3::
pos.-specific     C  77::::::
probability       G  33:a:7aa
matrix            T  ::::::::

         bits    3.1         
                 2.8    *  **
                 2.5    *  **
                 2.1 ** *  **
Relative         1.8 ** *  **
Entropy          1.5 ********
(17.1 bits)      1.2 ********
                 0.9 ********
                 0.6 ********
                 0.3 ********
                 0.0 --------

Multilevel           CCAGAGGG
consensus            GG   A  
sequence                     
                             
--------------------------------------------------------------------------------

--------------------------------------------------------------------------------
	Motif SSAGARGG MEME-3 sites sorted by position p-value
--------------------------------------------------------------------------------
Sequence name             Start   P-value              Site
-------------             ----- ---------            --------
33268                         4  6.83e-07        AAG CCAGAGGG           
33117                         3  3.16e-06         AA GGAGAGGG T         
33451                         4  5.00e-06        TTC CCAGAAGG           
--------------------------------------------------------------------------------

--------------------------------------------------------------------------------
	Motif SSAGARGG MEME-3 block diagrams
--------------------------------------------------------------------------------
SEQUENCE NAME            POSITION P-VALUE  MOTIF DIAGRAM
-------------            ----------------  -------------
33268                             6.8e-07  3_[+3]
33117                             3.2e-06  2_[+3]_1
33451                               5e-06  3_[+3]
--------------------------------------------------------------------------------

--------------------------------------------------------------------------------
	Motif SSAGARGG MEME-3 in BLOCKS format
--------------------------------------------------------------------------------
BL   MOTIF SSAGARGG width=8 seqs=3
33268                    (    4) CCAGAGGG  1 
33117                    (    3) GGAGAGGG  1 
33451                    (    4) CCAGAAGG  1 
//

--------------------------------------------------------------------------------

--------------------------------------------------------------------------------
	Motif SSAGARGG MEME-3 position-specific scoring matrix
--------------------------------------------------------------------------------
log-odds matrix: alength= 4 w= 8 n= 2184 bayes= 8.28077 E= 2.1e+002 
  -823    248    128   -823 
  -823    248    128   -823 
   143   -823   -823   -823 
  -823   -823    287   -823 
   143   -823   -823   -823 
   -15   -823    228   -823 
  -823   -823    287   -823 
  -823   -823    287   -823 
--------------------------------------------------------------------------------

--------------------------------------------------------------------------------
	Motif SSAGARGG MEME-3 position-specific probability matrix
--------------------------------------------------------------------------------
letter-probability matrix: alength= 4 w= 8 nsites= 3 E= 2.1e+002 
 0.000000  0.666667  0.333333  0.000000 
 0.000000  0.666667  0.333333  0.000000 
 1.000000  0.000000  0.000000  0.000000 
 0.000000  0.000000  1.000000  0.000000 
 1.000000  0.000000  0.000000  0.000000 
 0.333333  0.000000  0.666667  0.000000 
 0.000000  0.000000  1.000000  0.000000 
 0.000000  0.000000  1.000000  0.000000 
--------------------------------------------------------------------------------

--------------------------------------------------------------------------------
	Motif SSAGARGG MEME-3 regular expression
--------------------------------------------------------------------------------
[CG][CG]AGA[GA]GG
--------------------------------------------------------------------------------




Time  2.65 secs.

********************************************************************************


********************************************************************************
MOTIF WCWGWGCC MEME-4	width =   8  sites =   3  llr = 34  E-value = 4.1e+002
********************************************************************************
--------------------------------------------------------------------------------
	Motif WCWGWGCC MEME-4 Description
--------------------------------------------------------------------------------
Simplified        A  7:7:7:::
pos.-specific     C  :a::::aa
probability       G  :::a:a::
matrix            T  3:3:3:::

         bits    3.1  *    **
                 2.8  * * ***
                 2.5  * * ***
                 2.1  * * ***
Relative         1.8  * * ***
Entropy          1.5  * * ***
(16.5 bits)      1.2  * * ***
                 0.9  * * ***
                 0.6 ********
                 0.3 ********
                 0.0 --------

Multilevel           ACAGAGCC
consensus            T T T   
sequence                     
                             
--------------------------------------------------------------------------------

--------------------------------------------------------------------------------
	Motif WCWGWGCC MEME-4 sites sorted by position p-value
--------------------------------------------------------------------------------
Sequence name             Start   P-value              Site
-------------             ----- ---------            --------
33384                         1  1.60e-06          . ACAGAGCC TCA       
33046                         1  6.46e-06          . ACTGAGCC TTC       
33385                         2  1.14e-05          G TCAGTGCC TA        
--------------------------------------------------------------------------------

--------------------------------------------------------------------------------
	Motif WCWGWGCC MEME-4 block diagrams
--------------------------------------------------------------------------------
SEQUENCE NAME            POSITION P-VALUE  MOTIF DIAGRAM
-------------            ----------------  -------------
33384                             1.6e-06  [+4]_3
33046                             6.5e-06  [+4]_3
33385                             1.1e-05  1_[+4]_2
--------------------------------------------------------------------------------

--------------------------------------------------------------------------------
	Motif WCWGWGCC MEME-4 in BLOCKS format
--------------------------------------------------------------------------------
BL   MOTIF WCWGWGCC width=8 seqs=3
33384                    (    1) ACAGAGCC  1 
33046                    (    1) ACTGAGCC  1 
33385                    (    2) TCAGTGCC  1 
//

--------------------------------------------------------------------------------

--------------------------------------------------------------------------------
	Motif WCWGWGCC MEME-4 position-specific scoring matrix
--------------------------------------------------------------------------------
log-odds matrix: alength= 4 w= 8 n= 2184 bayes= 9.9538 E= 4.1e+002 
    85   -823   -823    -16 
  -823    306   -823   -823 
    85   -823   -823    -16 
  -823   -823    287   -823 
    85   -823   -823    -16 
  -823   -823    287   -823 
  -823    306   -823   -823 
  -823    306   -823   -823 
--------------------------------------------------------------------------------

--------------------------------------------------------------------------------
	Motif WCWGWGCC MEME-4 position-specific probability matrix
--------------------------------------------------------------------------------
letter-probability matrix: alength= 4 w= 8 nsites= 3 E= 4.1e+002 
 0.666667  0.000000  0.000000  0.333333 
 0.000000  1.000000  0.000000  0.000000 
 0.666667  0.000000  0.000000  0.333333 
 0.000000  0.000000  1.000000  0.000000 
 0.666667  0.000000  0.000000  0.333333 
 0.000000  0.000000  1.000000  0.000000 
 0.000000  1.000000  0.000000  0.000000 
 0.000000  1.000000  0.000000  0.000000 
--------------------------------------------------------------------------------

--------------------------------------------------------------------------------
	Motif WCWGWGCC MEME-4 regular expression
--------------------------------------------------------------------------------
[AT]C[AT]G[AT]GCC
--------------------------------------------------------------------------------




Time  2.98 secs.

********************************************************************************


********************************************************************************
MOTIF AWSGCCCA MEME-5	width =   8  sites =   2  llr = 24  E-value = 4.4e+002
********************************************************************************
--------------------------------------------------------------------------------
	Motif AWSGCCCA MEME-5 Description
--------------------------------------------------------------------------------
Simplified        A  a5:::::a
pos.-specific     C  ::5:aaa:
probability       G  ::5a::::
matrix            T  :5::::::

         bits    3.1     *** 
                 2.8    **** 
                 2.5    **** 
                 2.1    **** 
Relative         1.8   ***** 
Entropy          1.5 * ******
(17.3 bits)      1.2 * ******
                 0.9 * ******
                 0.6 * ******
                 0.3 ********
                 0.0 --------

Multilevel           AACGCCCA
consensus             TG     
sequence                     
                             
--------------------------------------------------------------------------------

--------------------------------------------------------------------------------
	Motif AWSGCCCA MEME-5 sites sorted by position p-value
--------------------------------------------------------------------------------
Sequence name             Start   P-value              Site
-------------             ----- ---------            --------
33471                         2  2.80e-06          A ATCGCCCA AG        
33511                         3  6.02e-06         AT AAGGCCCA A         
--------------------------------------------------------------------------------

--------------------------------------------------------------------------------
	Motif AWSGCCCA MEME-5 block diagrams
--------------------------------------------------------------------------------
SEQUENCE NAME            POSITION P-VALUE  MOTIF DIAGRAM
-------------            ----------------  -------------
33471                             2.8e-06  1_[+5]_2
33511                               6e-06  2_[+5]_1
--------------------------------------------------------------------------------

--------------------------------------------------------------------------------
	Motif AWSGCCCA MEME-5 in BLOCKS format
--------------------------------------------------------------------------------
BL   MOTIF AWSGCCCA width=8 seqs=2
33471                    (    2) ATCGCCCA  1 
33511                    (    3) AAGGCCCA  1 
//

--------------------------------------------------------------------------------

--------------------------------------------------------------------------------
	Motif AWSGCCCA MEME-5 position-specific scoring matrix
--------------------------------------------------------------------------------
log-odds matrix: alength= 4 w= 8 n= 2184 bayes= 10.0914 E= 4.4e+002 
   143   -765   -765   -765 
    43   -765   -765     42 
  -765    206    186   -765 
  -765   -765    286   -765 
  -765    306   -765   -765 
  -765    306   -765   -765 
  -765    306   -765   -765 
   143   -765   -765   -765 
--------------------------------------------------------------------------------

--------------------------------------------------------------------------------
	Motif AWSGCCCA MEME-5 position-specific probability matrix
--------------------------------------------------------------------------------
letter-probability matrix: alength= 4 w= 8 nsites= 2 E= 4.4e+002 
 1.000000  0.000000  0.000000  0.000000 
 0.500000  0.000000  0.000000  0.500000 
 0.000000  0.500000  0.500000  0.000000 
 0.000000  0.000000  1.000000  0.000000 
 0.000000  1.000000  0.000000  0.000000 
 0.000000  1.000000  0.000000  0.000000 
 0.000000  1.000000  0.000000  0.000000 
 1.000000  0.000000  0.000000  0.000000 
--------------------------------------------------------------------------------

--------------------------------------------------------------------------------
	Motif AWSGCCCA MEME-5 regular expression
--------------------------------------------------------------------------------
A[AT][CG]GCCCA
--------------------------------------------------------------------------------




Time  3.18 secs.

********************************************************************************


********************************************************************************
MOTIF GVGACCAC MEME-6	width =   8  sites =   4  llr = 42  E-value = 5.8e+002
********************************************************************************
--------------------------------------------------------------------------------
	Motif GVGACCAC MEME-6 Description
--------------------------------------------------------------------------------
Simplified        A  33:a::8:
pos.-specific     C  :33:a8:a
probability       G  858:::3:
matrix            T  :::::3::

         bits    3.1     *  *
                 2.8     *  *
                 2.5     *  *
                 2.1   * *  *
Relative         1.8 * * ** *
Entropy          1.5 * **** *
(15.3 bits)      1.2 * **** *
                 0.9 ********
                 0.6 ********
                 0.3 ********
                 0.0 --------

Multilevel           GGGACCAC
consensus            AAC  TG 
sequence              C      
                             
--------------------------------------------------------------------------------

--------------------------------------------------------------------------------
	Motif GVGACCAC MEME-6 sites sorted by position p-value
--------------------------------------------------------------------------------
Sequence name             Start   P-value              Site
-------------             ----- ---------            --------
33343                         4  4.44e-06        TTT GAGACCAC           
33082                         4  4.44e-06        TGA GCCACCGC           
33495                         2  6.64e-06          T AGGACCAC AG        
33412                         3  8.50e-06         CT GGGACTAC A         
--------------------------------------------------------------------------------

--------------------------------------------------------------------------------
	Motif GVGACCAC MEME-6 block diagrams
--------------------------------------------------------------------------------
SEQUENCE NAME            POSITION P-VALUE  MOTIF DIAGRAM
-------------            ----------------  -------------
33343                             4.4e-06  3_[+6]
33082                             4.4e-06  3_[+6]
33495                             6.6e-06  1_[+6]_2
33412                             8.5e-06  2_[+6]_1
--------------------------------------------------------------------------------

--------------------------------------------------------------------------------
	Motif GVGACCAC MEME-6 in BLOCKS format
--------------------------------------------------------------------------------
BL   MOTIF GVGACCAC width=8 seqs=4
33343                    (    4) GAGACCAC  1 
33082                    (    4) GCCACCGC  1 
33495                    (    2) AGGACCAC  1 
33412                    (    3) GGGACTAC  1 
//

--------------------------------------------------------------------------------

--------------------------------------------------------------------------------
	Motif GVGACCAC MEME-6 position-specific scoring matrix
--------------------------------------------------------------------------------
log-odds matrix: alength= 4 w= 8 n= 2184 bayes= 9.82814 E= 5.8e+002 
   -56   -865    245   -865 
   -56    106    187   -865 
  -865    106    245   -865 
   143   -865   -865   -865 
  -865    306   -865   -865 
  -865    265   -865    -58 
   102   -865     87   -865 
  -865    306   -865   -865 
--------------------------------------------------------------------------------

--------------------------------------------------------------------------------
	Motif GVGACCAC MEME-6 position-specific probability matrix
--------------------------------------------------------------------------------
letter-probability matrix: alength= 4 w= 8 nsites= 4 E= 5.8e+002 
 0.250000  0.000000  0.750000  0.000000 
 0.250000  0.250000  0.500000  0.000000 
 0.000000  0.250000  0.750000  0.000000 
 1.000000  0.000000  0.000000  0.000000 
 0.000000  1.000000  0.000000  0.000000 
 0.000000  0.750000  0.000000  0.250000 
 0.750000  0.000000  0.250000  0.000000 
 0.000000  1.000000  0.000000  0.000000 
--------------------------------------------------------------------------------

--------------------------------------------------------------------------------
	Motif GVGACCAC MEME-6 regular expression
--------------------------------------------------------------------------------
[GA][GAC][GC]AC[CT][AG]C
--------------------------------------------------------------------------------




Time  3.33 secs.

********************************************************************************


********************************************************************************
SUMMARY OF MOTIFS
********************************************************************************

--------------------------------------------------------------------------------
	Combined block diagrams: non-overlapping sites with p-value < 0.0001
--------------------------------------------------------------------------------
SEQUENCE NAME            COMBINED P-VALUE  MOTIF DIAGRAM
-------------            ----------------  -------------
33028                            9.99e-01  11
33029                            9.49e-01  11
33030                            4.18e-01  11
33031                            9.97e-01  11
33032                            4.64e-01  11
33033                            3.45e-01  11
33034                            2.63e-07  [+1(3.03e-06)]
33035                            6.68e-01  11
33036                            1.72e-01  11
33037                            4.90e-02  11
33038                            8.88e-01  11
33039                            7.25e-01  11
33040                            5.95e-03  11
33041                            9.98e-01  11
33042                            5.31e-01  11
33043                            9.27e-01  11
33044                            9.62e-01  11
33045                            1.91e-01  11
33046                            6.43e-05  [+4(6.46e-06)]_3
33047                            1.48e-01  11
33048                            1.00e+00  11
33049                            1.97e-01  11
33050                            9.92e-01  11
33051                            2.23e-01  11
33052                            3.60e-01  11
33053                            8.74e-01  11
33054                            9.80e-01  11
33055                            8.83e-04  11
33056                            5.19e-01  11
33057                            9.38e-01  11
33058                            1.00e+00  11
33059                            6.82e-01  11
33060                            3.06e-01  11
33061                            5.09e-01  11
33062                            9.97e-01  11
33063                            1.96e-01  11
33064                            6.27e-01  11
33065                            5.59e-01  11
33066                            4.19e-01  11
33067                            8.78e-01  11
33068                            9.99e-01  11
33069                            5.74e-01  11
33070                            9.95e-01  11
33071                            6.84e-01  11
33072                            9.99e-01  11
33073                            2.70e-04  [+1(6.27e-05)]
33074                            1.00e+00  11
33075                            9.99e-01  11
33076                            7.68e-01  11
33077                            1.47e-01  11
33078                            6.19e-03  11
33079                            7.42e-01  11
33080                            1.68e-01  11
33081                            8.11e-01  11
33082                            1.71e-05  3_[+6(4.44e-06)]
33083                            1.34e-01  11
33084                            9.67e-01  11
33085                            7.80e-01  11
33086                            1.21e-01  11
33087                            5.55e-01  11
33088                            6.20e-01  11
33089                            3.49e-02  11
33090                            8.81e-01  11
33091                            5.40e-02  11
33092                            1.79e-01  11
33093                            9.04e-01  11
33094                            4.02e-01  11
33095                            1.28e-01  11
33096                            1.56e-01  11
33097                            8.84e-01  11
33098                            9.97e-01  11
33099                            9.60e-01  11
33100                            9.99e-01  11
33101                            1.00e+00  11
33102                            9.30e-01  11
33103                            5.70e-01  11
33104                            3.42e-01  11
33105                            1.00e+00  11
33106                            2.81e-01  11
33107                            9.98e-01  11
33108                            1.16e-01  11
33109                            4.14e-01  11
33110                            9.84e-01  11
33111                            1.00e+00  11
33112                            3.71e-04  11
33113                            5.01e-06  3_[+2(2.52e-06)]
33114                            9.96e-01  11
33115                            6.29e-01  11
33116                            9.09e-01  11
33117                            1.90e-04  2_[+3(3.16e-06)]_1
33118                            8.83e-01  11
33119                            7.73e-02  11
33120                            8.30e-01  11
33121                            8.23e-01  11
33122                            5.77e-01  11
33123                            2.45e-01  11
33124                            9.33e-01  11
33125                            2.87e-02  11
33126                            9.79e-01  11
33127                            2.47e-01  11
33128                            1.93e-01  11
33129                            9.99e-01  11
33130                            5.52e-02  11
33131                            7.87e-01  11
33132                            2.12e-01  11
33133                            2.98e-01  11
33134                            8.34e-01  11
33135                            1.00e+00  11
33136                            2.53e-04  11
33137                            9.37e-01  11
33138                            2.63e-01  11
33139                            9.46e-01  11
33140                            6.84e-01  11
33141                            9.81e-01  11
33142                            7.90e-01  11
33143                            9.85e-01  11
33144                            7.36e-01  11
33145                            7.98e-01  11
33146                            4.16e-01  11
33147                            4.00e-02  11
33148                            9.62e-01  11
33149                            4.38e-02  11
33150                            2.86e-01  11
33151                            9.68e-01  11
33152                            5.67e-03  11
33153                            9.91e-01  11
33154                            9.02e-01  11
33155                            1.00e+00  11
33156                            5.83e-01  11
33157                            9.99e-01  11
33158                            8.98e-01  11
33159                            7.23e-01  11
33160                            9.36e-01  11
33161                            1.00e+00  11
33162                            9.99e-01  11
33163                            7.66e-01  11
33164                            1.00e+00  11
33165                            9.95e-01  11
33166                            1.39e-01  11
33167                            9.18e-01  11
33168                            1.00e+00  11
33169                            4.75e-01  11
33170                            8.64e-01  11
33171                            8.97e-01  11
33172                            1.00e+00  11
33173                            6.30e-03  11
33174                            9.19e-01  11
33175                            1.00e+00  11
33176                            9.99e-01  11
33177                            9.97e-01  11
33178                            9.12e-01  11
33179                            3.07e-03  11
33180                            9.97e-01  11
33181                            9.98e-01  11
33182                            8.21e-01  11
33183                            3.65e-01  11
33184                            9.99e-01  11
33185                            9.33e-01  11
33186                            9.12e-01  11
33187                            4.10e-01  11
33188                            3.89e-01  11
33189                            3.57e-01  11
33190                            6.80e-01  11
33191                            2.06e-02  11
33192                            9.97e-01  11
33193                            9.92e-01  11
33194                            5.42e-01  11
33195                            1.00e-01  11
33196                            9.95e-01  11
33197                            4.81e-08  [+1(1.02e-05)]
33198                            4.74e-01  11
33199                            1.28e-01  11
33200                            9.82e-01  11
33201                            7.50e-01  11
33202                            3.70e-01  11
33203                            1.84e-01  11
33204                            9.86e-01  11
33205                            2.35e-01  11
33206                            9.78e-01  11
33207                            6.59e-01  11
33208                            1.28e-01  11
33209                            9.62e-01  11
33210                            5.26e-01  11
33211                            1.85e-01  11
33212                            9.47e-01  11
33213                            8.72e-01  11
33214                            9.64e-01  11
33215                            6.40e-01  11
33216                            9.45e-01  11
33217                            7.40e-02  11
33218                            9.99e-01  11
33219                            9.09e-01  11
33220                            3.29e-01  11
33221                            9.93e-01  11
33222                            5.80e-01  11
33223                            3.27e-01  11
33224                            6.78e-01  11
33225                            6.03e-02  11
33226                            8.28e-01  11
33227                            9.89e-01  11
33228                            1.76e-01  11
33229                            8.81e-01  11
33230                            1.00e+00  11
33231                            3.14e-01  11
33232                            8.56e-01  11
33233                            5.18e-02  11
33234                            9.27e-01  11
33235                            9.97e-01  11
33236                            9.90e-02  11
33237                            3.77e-01  11
33238                            7.84e-01  11
33239                            9.00e-01  11
33240                            1.02e-03  11
33241                            1.18e-04  1_[+2(2.68e-05)]_2
33242                            9.69e-01  11
33243                            4.77e-01  11
33244                            2.15e-01  11
33245                            1.00e+00  11
33246                            9.85e-01  11
33247                            9.78e-01  11
33248                            1.00e+00  11
33249                            1.53e-01  11
33250                            1.00e+00  11
33251                            7.54e-01  11
33252                            1.53e-03  11
33253                            8.57e-01  11
33254                            9.35e-01  11
33255                            8.13e-01  11
33256                            1.00e+00  11
33257                            2.05e-01  11
33258                            9.68e-01  11
33259                            1.18e-06  2_[+2(5.10e-06)]_1
33260                            8.88e-01  11
33261                            6.41e-01  11
33262                            3.37e-01  11
33263                            4.42e-02  11
33264                            2.75e-02  11
33265                            1.88e-01  11
33266                            9.48e-01  11
33267                            8.71e-01  11
33268                            4.59e-07  3_[+3(6.83e-07)]
33269                            1.72e-01  11
33270                            7.06e-01  11
33271                            3.34e-01  11
33272                            9.60e-01  11
33273                            9.91e-01  11
33274                            5.14e-02  11
33275                            1.00e+00  11
33276                            5.07e-01  11
33277                            8.23e-01  11
33278                            9.81e-01  11
33279                            9.14e-01  11
33280                            9.79e-01  11
33281                            5.71e-01  11
33282                            3.46e-01  11
33283                            1.65e-01  11
33284                            5.21e-03  11
33285                            8.10e-01  11
33286                            6.77e-01  11
33287                            6.95e-02  11
33288                            7.40e-03  11
33289                            2.60e-01  11
33290                            9.46e-01  11
33291                            9.43e-01  11
33292                            4.83e-01  11
33293                            1.92e-01  11
33294                            9.28e-01  11
33295                            9.91e-01  11
33296                            9.92e-01  11
33297                            1.16e-02  11
33298                            3.45e-01  11
33299                            6.26e-02  11
33300                            6.22e-01  11
33301                            7.05e-01  11
33302                            1.00e+00  11
33303                            1.18e-03  11
33304                            1.48e-02  11
33305                            2.07e-03  11
33306                            1.02e-04  [+1(2.81e-05)]
33307                            9.35e-01  11
33308                            3.10e-01  11
33309                            8.69e-01  11
33310                            2.11e-01  11
33311                            9.40e-01  11
33312                            8.31e-01  11
33313                            1.00e+00  11
33314                            3.80e-01  11
33315                            9.89e-01  11
33316                            2.00e-01  11
33317                            9.99e-01  11
33318                            1.96e-01  11
33319                            4.43e-02  11
33320                            2.32e-01  11
33321                            9.95e-01  11
33322                            5.28e-02  11
33323                            9.78e-01  11
33324                            6.14e-02  11
33325                            1.13e-01  11
33326                            9.87e-01  11
33327                            1.84e-01  11
33328                            1.43e-01  11
33329                            9.24e-01  11
33330                            1.00e+00  11
33331                            2.68e-01  11
33332                            1.00e+00  11
33333                            1.74e-01  11
33334                            9.64e-01  11
33335                            8.55e-01  11
33336                            8.42e-01  11
33337                            1.90e-08  [+1(3.03e-06)]
33338                            1.46e-01  11
33339                            8.38e-01  11
33340                            8.14e-01  11
33341                            2.69e-06  [+1(8.43e-06)]
33342                            9.83e-01  11
33343                            3.03e-05  3_[+6(4.44e-06)]
33344                            4.81e-01  11
33345                            8.19e-01  11
33346                            2.76e-01  11
33347                            9.03e-02  11
33348                            4.60e-01  11
33349                            9.99e-01  11
33350                            1.57e-01  11
33351                            1.26e-01  11
33352                            5.57e-03  11
33353                            9.99e-01  11
33354                            1.00e+00  11
33355                            1.48e-06  3_[+2(4.13e-06)]
33356                            8.28e-01  11
33357                            1.38e-01  11
33358                            1.55e-03  11
33359                            4.34e-01  11
33360                            9.54e-01  11
33361                            2.29e-04  11
33362                            1.00e+00  11
33363                            9.98e-01  11
33364                            9.46e-01  11
33365                            1.00e+00  11
33366                            9.67e-01  11
33367                            4.16e-05  [+1(7.07e-05)]
33368                            1.44e-01  11
33369                            8.42e-02  11
33370                            1.00e+00  11
33371                            7.93e-01  11
33372                            9.23e-01  11
33373                            1.81e-01  11
33374                            9.78e-01  11
33375                            7.80e-01  11
33376                            8.54e-01  11
33377                            1.00e+00  11
33378                            3.21e-01  11
33379                            9.99e-01  11
33380                            6.33e-01  11
33381                            1.58e-01  11
33382                            2.33e-01  11
33383                            1.00e+00  11
33384                            4.32e-06  [+4(1.60e-06)]_3
33385                            2.11e-06  1_[+4(1.14e-05)]_2
33386                            8.38e-01  11
33387                            1.94e-01  11
33388                            1.00e+00  11
33389                            4.04e-01  11
33390                            5.47e-01  11
33391                            2.51e-01  11
33392                            2.01e-01  11
33393                            8.82e-01  11
33394                            6.22e-02  11
33395                            6.28e-01  11
33396                            9.30e-01  11
33397                            1.95e-02  11
33398                            5.95e-08  [+1(2.45e-06)]
33399                            5.04e-01  11
33400                            3.96e-01  11
33401                            8.81e-02  11
33402                            1.54e-01  11
33403                            7.95e-02  11
33404                            1.00e+00  11
33405                            6.68e-02  11
33406                            4.37e-01  11
33407                            2.14e-01  11
33408                            3.07e-01  11
33409                            4.12e-02  11
33410                            3.34e-02  11
33411                            9.70e-01  11
33412                            4.63e-03  2_[+6(8.50e-06)]_1
33413                            2.85e-01  11
33414                            5.05e-01  11
33415                            2.27e-01  11
33416                            6.35e-01  11
33417                            8.39e-01  11
33418                            7.68e-01  11
33419                            7.99e-01  11
33420                            9.09e-01  11
33421                            5.48e-01  11
33422                            8.41e-01  11
33423                            1.00e+00  11
33424                            3.34e-01  11
33425                            2.67e-01  11
33426                            3.68e-01  11
33427                            6.13e-01  11
33428                            9.88e-01  11
33429                            6.27e-01  11
33430                            9.30e-01  11
33431                            3.14e-01  11
33432                            7.39e-01  11
33433                            9.83e-01  11
33434                            9.63e-01  11
33435                            9.00e-01  11
33436                            6.71e-03  11
33437                            2.03e-02  11
33438                            3.39e-01  11
33439                            8.03e-01  11
33440                            6.95e-01  11
33441                            9.73e-01  11
33442                            4.25e-01  11
33443                            5.65e-02  11
33444                            6.93e-02  11
33445                            8.60e-01  11
33446                            6.05e-02  11
33447                            8.31e-01  11
33448                            9.97e-01  11
33449                            7.57e-02  11
33450                            7.19e-02  11
33451                            4.80e-04  3_[+3(5.00e-06)]
33452                            3.46e-02  11
33453                            3.21e-01  11
33454                            2.82e-02  11
33455                            9.74e-01  11
33456                            6.53e-01  11
33457                            3.44e-01  11
33458                            9.80e-01  11
33459                            1.00e+00  11
33460                            7.84e-01  11
33461                            9.97e-01  11
33462                            9.19e-01  11
33463                            9.99e-01  11
33464                            3.24e-06  [+1(1.21e-06)]
33465                            9.95e-01  11
33466                            8.78e-01  11
33467                            1.00e+00  11
33468                            1.00e+00  11
33469                            9.08e-01  11
33470                            9.89e-01  11
33471                            3.31e-05  1_[+5(2.80e-06)]_2
33472                            1.99e-01  11
33473                            9.19e-01  11
33474                            2.01e-01  11
33475                            6.43e-01  11
33476                            1.00e+00  11
33477                            5.73e-02  11
33478                            7.56e-01  11
33479                            3.65e-01  11
33480                            1.00e+00  11
33481                            1.03e-01  11
33482                            3.22e-01  11
33483                            2.13e-01  11
33484                            2.64e-01  11
33485                            4.88e-01  11
33486                            9.11e-01  11
33487                            6.74e-01  11
33488                            8.76e-01  11
33489                            2.65e-02  11
33490                            1.00e+00  11
33491                            9.80e-01  11
33492                            9.20e-01  11
33493                            7.16e-01  11
33494                            9.35e-01  11
33495                            6.91e-06  1_[+6(6.64e-06)]_2
33496                            1.86e-02  11
33497                            5.06e-02  11
33498                            9.26e-01  11
33499                            9.06e-01  11
33500                            6.99e-01  11
33501                            4.08e-02  11
33502                            1.12e-01  11
33503                            7.97e-01  11
33504                            1.00e+00  11
33505                            9.58e-01  11
33506                            1.00e+00  11
33507                            1.01e-02  11
33508                            9.45e-01  11
33509                            4.23e-01  11
33510                            7.42e-01  11
33511                            1.06e-05  2_[+5(6.02e-06)]_1
33512                            9.58e-01  11
33513                            9.51e-01  11
33514                            8.81e-01  11
33515                            8.96e-01  11
33516                            1.82e-01  11
33517                            3.81e-01  11
33518                            7.47e-01  11
33519                            8.87e-01  11
33520                            9.99e-01  11
33521                            8.87e-04  11
33522                            2.86e-02  11
33523                            3.00e-01  11
33524                            8.81e-01  11
33525                            1.00e+00  11
33526                            1.01e-02  11
33527                            3.97e-01  11
33528                            9.96e-01  11
33529                            1.19e-04  11
33530                            5.51e-02  11
33531                            8.32e-02  11
33532                            8.07e-02  11
33533                            1.00e+00  11
33534                            5.38e-03  11
33535                            5.91e-01  11
33536                            2.22e-02  11
33537                            2.70e-01  11
33538                            9.98e-01  11
33539                            9.97e-01  11
33540                            1.13e-01  11
33541                            9.44e-01  11
33542                            1.32e-01  11
33543                            1.00e+00  11
33544                            7.88e-01  11
33545                            9.38e-01  11
33546                            5.43e-01  11
33547                            3.79e-01  11
33548                            5.19e-04  [+2(2.54e-05)]_3
33549                            4.08e-01  11
33550                            1.00e+00  11
33551                            8.87e-01  11
33552                            3.13e-01  11
33553                            9.99e-01  11
33554                            9.98e-01  11
33555                            9.96e-01  11
33556                            8.02e-01  11
33557                            5.25e-01  11
33558                            1.23e-01  11
33559                            7.14e-01  11
33560                            3.93e-01  11
33561                            1.19e-01  11
33562                            6.59e-01  11
33563                            3.08e-01  11
33564                            5.82e-01  11
33565                            9.46e-01  11
33566                            8.21e-01  11
33567                            3.78e-01  11
33568                            9.94e-01  11
33569                            9.93e-01  11
33570                            9.72e-01  11
33571                            7.10e-01  11
33572                            9.80e-01  11
33573                            3.68e-02  11
--------------------------------------------------------------------------------

********************************************************************************


********************************************************************************
Stopped because requested number of motifs (6) found.
********************************************************************************

CPU: ip-172-31-25-197

********************************************************************************
