********************************************************************************
MEME - Motif discovery tool
********************************************************************************
MEME version 5.5.5 (Release date: Thu Sep 14 08:48:04 2023 +1000)

For further information on how to interpret these results please access https://meme-suite.org/meme.
To get a copy of the MEME Suite software please access https://meme-suite.org.

********************************************************************************


********************************************************************************
REFERENCE
********************************************************************************
If you use this program in your research, please cite:

Timothy L. Bailey and Charles Elkan,
"Fitting a mixture model by expectation maximization to
discover motifs in biopolymers",
Proceedings of the Second International Conference on Intelligent Systems
for Molecular Biology, pp. 28-36, AAAI Press, Menlo Park, California, 1994.
********************************************************************************


********************************************************************************
TRAINING SET
********************************************************************************
PRIMARY SEQUENCES= data/tmp_memedir_fin/5_FALSE_TRUE_FALSE_25_30_53_212/ZBED2.fasta
CONTROL SEQUENCES= --none--
ALPHABET= ACGT
Sequence name            Weight Length  Sequence name            Weight Length  
-------------            ------ ------  -------------            ------ ------  
26313                    1.0000     11  26314                    1.0000     11  
26315                    1.0000     11  26316                    1.0000     11  
26317                    1.0000     11  26318                    1.0000     11  
26319                    1.0000     11  26320                    1.0000     11  
26321                    1.0000     11  26322                    1.0000     11  
26323                    1.0000     11  26324                    1.0000     11  
26325                    1.0000     11  26326                    1.0000     11  
26327                    1.0000     11  26328                    1.0000     11  
26329                    1.0000     11  26330                    1.0000     11  
26331                    1.0000     11  26332                    1.0000     11  
26333                    1.0000     11  26334                    1.0000     11  
26335                    1.0000     11  26336                    1.0000     11  
26337                    1.0000     11  26338                    1.0000     11  
26339                    1.0000     11  26340                    1.0000     11  
26341                    1.0000     11  26342                    1.0000     11  
26343                    1.0000     11  26344                    1.0000     11  
26345                    1.0000     11  26346                    1.0000     11  
26347                    1.0000     11  26348                    1.0000     11  
26349                    1.0000     11  26350                    1.0000     11  
26351                    1.0000     11  26352                    1.0000     11  
26353                    1.0000     11  26354                    1.0000     11  
26355                    1.0000     11  26356                    1.0000     11  
26357                    1.0000     11  26358                    1.0000     11  
26359                    1.0000     11  26360                    1.0000     11  
26361                    1.0000     11  26362                    1.0000     11  
26363                    1.0000     11  26364                    1.0000     11  
26365                    1.0000     11  26366                    1.0000     11  
26367                    1.0000     11  26368                    1.0000     11  
26369                    1.0000     11  26370                    1.0000     11  
26371                    1.0000     11  26372                    1.0000     11  
26373                    1.0000     11  26374                    1.0000     11  
26375                    1.0000     11  26376                    1.0000     11  
26377                    1.0000     11  26378                    1.0000     11  
26379                    1.0000     11  26380                    1.0000     11  
26381                    1.0000     11  26382                    1.0000     11  
26383                    1.0000     11  26384                    1.0000     11  
26385                    1.0000     11  26386                    1.0000     11  
26387                    1.0000     11  26388                    1.0000     11  
26389                    1.0000     11  26390                    1.0000     11  
26391                    1.0000     11  26392                    1.0000     11  
26393                    1.0000     11  26394                    1.0000     11  
26395                    1.0000     11  26396                    1.0000     11  
26397                    1.0000     11  26398                    1.0000     11  
26399                    1.0000     11  26400                    1.0000     11  
26401                    1.0000     11  26402                    1.0000     11  
26403                    1.0000     11  26404                    1.0000     11  
26405                    1.0000     11  26406                    1.0000     11  
26407                    1.0000     11  26408                    1.0000     11  
26409                    1.0000     11  26410                    1.0000     11  
26411                    1.0000     11  26412                    1.0000     11  
26413                    1.0000     11  26414                    1.0000     11  
26415                    1.0000     11  26416                    1.0000     11  
26417                    1.0000     11  26418                    1.0000     11  
26419                    1.0000     11  26420                    1.0000     11  
26421                    1.0000     11  26422                    1.0000     11  
26423                    1.0000     11  26424                    1.0000     11  
26425                    1.0000     11  26426                    1.0000     11  
26427                    1.0000     11  26428                    1.0000     11  
26429                    1.0000     11  26430                    1.0000     11  
26431                    1.0000     11  26432                    1.0000     11  
26433                    1.0000     11  26434                    1.0000     11  
26435                    1.0000     11  26436                    1.0000     11  
26437                    1.0000     11  26438                    1.0000     11  
26439                    1.0000     11  26440                    1.0000     11  
26441                    1.0000     11  26442                    1.0000     11  
26443                    1.0000     11  26444                    1.0000     11  
26445                    1.0000     11  26446                    1.0000     11  
26447                    1.0000     11  26448                    1.0000     11  
26449                    1.0000     11  26450                    1.0000     11  
26451                    1.0000     11  26452                    1.0000     11  
26453                    1.0000     11  26454                    1.0000     11  
26455                    1.0000     11  26456                    1.0000     11  
26457                    1.0000     11  26458                    1.0000     11  
26459                    1.0000     11  26460                    1.0000     11  
26461                    1.0000     11  26462                    1.0000     11  
26463                    1.0000     11  26464                    1.0000     11  
26465                    1.0000     11  26466                    1.0000     11  
26467                    1.0000     11  26468                    1.0000     11  
26469                    1.0000     11  26470                    1.0000     11  
26471                    1.0000     11  26472                    1.0000     11  
26473                    1.0000     11  26474                    1.0000     11  
26475                    1.0000     11  26476                    1.0000     11  
26477                    1.0000     11  26478                    1.0000     11  
26479                    1.0000     11  26480                    1.0000     11  
26481                    1.0000     11  26482                    1.0000     11  
26483                    1.0000     11  26484                    1.0000     11  
26485                    1.0000     11  26486                    1.0000     11  
26487                    1.0000     11  26488                    1.0000     11  
26489                    1.0000     11  26490                    1.0000     11  
26491                    1.0000     11  26492                    1.0000     11  
26493                    1.0000     11  26494                    1.0000     11  
26495                    1.0000     11  26496                    1.0000     11  
26497                    1.0000     11  26498                    1.0000     11  
26499                    1.0000     11  26500                    1.0000     11  
26501                    1.0000     11  26502                    1.0000     11  
26503                    1.0000     11  26504                    1.0000     11  
26505                    1.0000     11  26506                    1.0000     11  
26507                    1.0000     11  26508                    1.0000     11  
26509                    1.0000     11  26510                    1.0000     11  
26511                    1.0000     11  26512                    1.0000     11  
26513                    1.0000     11  26514                    1.0000     11  
26515                    1.0000     11  26516                    1.0000     11  
26517                    1.0000     11  26518                    1.0000     11  
26519                    1.0000     11  26520                    1.0000     11  
26521                    1.0000     11  26522                    1.0000     11  
26523                    1.0000     11  26524                    1.0000     11  
26525                    1.0000     11  26526                    1.0000     11  
26527                    1.0000     11  26528                    1.0000     11  
26529                    1.0000     11  26530                    1.0000     11  
26531                    1.0000     11  26532                    1.0000     11  
26533                    1.0000     11  26534                    1.0000     11  
26535                    1.0000     11  26536                    1.0000     11  
26537                    1.0000     11  26538                    1.0000     11  
26539                    1.0000     11  26540                    1.0000     11  
26541                    1.0000     11  26542                    1.0000     11  
26543                    1.0000     11  26544                    1.0000     11  
26545                    1.0000     11  26546                    1.0000     11  
26547                    1.0000     11  26548                    1.0000     11  
26549                    1.0000     11  26550                    1.0000     11  
26551                    1.0000     11  26552                    1.0000     11  
26553                    1.0000     11  26554                    1.0000     11  
26555                    1.0000     11  26556                    1.0000     11  
26557                    1.0000     11  26558                    1.0000     11  
26559                    1.0000     11  26560                    1.0000     11  
26561                    1.0000     11  26562                    1.0000     11  
26563                    1.0000     11  26564                    1.0000     11  
26565                    1.0000     11  26566                    1.0000     11  
26567                    1.0000     11  26568                    1.0000     11  
26569                    1.0000     11  26570                    1.0000     11  
26571                    1.0000     11  26572                    1.0000     11  
26573                    1.0000     11  26574                    1.0000     11  
26575                    1.0000     11  26576                    1.0000     11  
26577                    1.0000     11  26578                    1.0000     11  
26579                    1.0000     11  26580                    1.0000     11  
26581                    1.0000     11  26582                    1.0000     11  
26583                    1.0000     11  26584                    1.0000     11  
26585                    1.0000     11  26586                    1.0000     11  
26587                    1.0000     11  26588                    1.0000     11  
26589                    1.0000     11  26590                    1.0000     11  
26591                    1.0000     11  26592                    1.0000     11  
26593                    1.0000     11  26594                    1.0000     11  
26595                    1.0000     11  26596                    1.0000     11  
26597                    1.0000     11  26598                    1.0000     11  
26599                    1.0000     11  26600                    1.0000     11  
26601                    1.0000     11  26602                    1.0000     11  
26603                    1.0000     11  26604                    1.0000     11  
26605                    1.0000     11  26606                    1.0000     11  
26607                    1.0000     11  26608                    1.0000     11  
26609                    1.0000     11  26610                    1.0000     11  
26611                    1.0000     11  26612                    1.0000     11  
26613                    1.0000     11  26614                    1.0000     11  
26615                    1.0000     11  26616                    1.0000     11  
26617                    1.0000     11  26618                    1.0000     11  
26619                    1.0000     11  26620                    1.0000     11  
26621                    1.0000     11  26622                    1.0000     11  
26623                    1.0000     11  26624                    1.0000     11  
26625                    1.0000     11  26626                    1.0000     11  
26627                    1.0000     11  26628                    1.0000     11  
26629                    1.0000     11  26630                    1.0000     11  
26631                    1.0000     11  26632                    1.0000     11  
26633                    1.0000     11  26634                    1.0000     11  
26635                    1.0000     11  26636                    1.0000     11  
26637                    1.0000     11  26638                    1.0000     11  
26639                    1.0000     11  26640                    1.0000     11  
26641                    1.0000     11  26642                    1.0000     11  
26643                    1.0000     11  26644                    1.0000     11  
26645                    1.0000     11  26646                    1.0000     11  
26647                    1.0000     11  26648                    1.0000     11  
26649                    1.0000     11  26650                    1.0000     11  
26651                    1.0000     11  26652                    1.0000     11  
26653                    1.0000     11  26654                    1.0000     11  
26655                    1.0000     11  26656                    1.0000     11  
26657                    1.0000     11  26658                    1.0000     11  
26659                    1.0000     11  26660                    1.0000     11  
26661                    1.0000     11  26662                    1.0000     11  
26663                    1.0000     11  26664                    1.0000     11  
26665                    1.0000     11  26666                    1.0000     11  
26667                    1.0000     11  26668                    1.0000     11  
26669                    1.0000     11  26670                    1.0000     11  
26671                    1.0000     11  26672                    1.0000     11  
26673                    1.0000     11  26674                    1.0000     11  
26675                    1.0000     11  26676                    1.0000     11  
26677                    1.0000     11  26678                    1.0000     11  
26679                    1.0000     11  26680                    1.0000     11  
26681                    1.0000     11  26682                    1.0000     11  
26683                    1.0000     11  26684                    1.0000     11  
26685                    1.0000     11  26686                    1.0000     11  
26687                    1.0000     11  26688                    1.0000     11  
26689                    1.0000     11  26690                    1.0000     11  
26691                    1.0000     11  26692                    1.0000     11  
26693                    1.0000     11  26694                    1.0000     11  
26695                    1.0000     11  26696                    1.0000     11  
26697                    1.0000     11  26698                    1.0000     11  
26699                    1.0000     11  26700                    1.0000     11  
26701                    1.0000     11  26702                    1.0000     11  
26703                    1.0000     11  26704                    1.0000     11  
26705                    1.0000     11  26706                    1.0000     11  
26707                    1.0000     11  26708                    1.0000     11  
26709                    1.0000     11  26710                    1.0000     11  
26711                    1.0000     11  26712                    1.0000     11  
26713                    1.0000     11  26714                    1.0000     11  
26715                    1.0000     11  26716                    1.0000     11  
26717                    1.0000     11  26718                    1.0000     11  
26719                    1.0000     11  26720                    1.0000     11  
26721                    1.0000     11  26722                    1.0000     11  
26723                    1.0000     11  26724                    1.0000     11  
26725                    1.0000     11  26726                    1.0000     11  
26727                    1.0000     11  26728                    1.0000     11  
26729                    1.0000     11  26730                    1.0000     11  
26731                    1.0000     11  26732                    1.0000     11  
26733                    1.0000     11  26734                    1.0000     11  
26735                    1.0000     11  26736                    1.0000     11  
26737                    1.0000     11  26738                    1.0000     11  
26739                    1.0000     11  26740                    1.0000     11  
26741                    1.0000     11  26742                    1.0000     11  
26743                    1.0000     11  26744                    1.0000     11  
26745                    1.0000     11  26746                    1.0000     11  
26747                    1.0000     11  26748                    1.0000     11  
26749                    1.0000     11  26750                    1.0000     11  
26751                    1.0000     11  26752                    1.0000     11  
26753                    1.0000     11  26754                    1.0000     11  
26755                    1.0000     11  26756                    1.0000     11  
26757                    1.0000     11  26758                    1.0000     11  
26759                    1.0000     11  26760                    1.0000     11  
26761                    1.0000     11  26762                    1.0000     11  
26763                    1.0000     11  26764                    1.0000     11  
26765                    1.0000     11  26766                    1.0000     11  
26767                    1.0000     11  26768                    1.0000     11  
26769                    1.0000     11  26770                    1.0000     11  
26771                    1.0000     11  26772                    1.0000     11  
26773                    1.0000     11  26774                    1.0000     11  
26775                    1.0000     11  26776                    1.0000     11  
26777                    1.0000     11  26778                    1.0000     11  
26779                    1.0000     11  26780                    1.0000     11  
26781                    1.0000     11  26782                    1.0000     11  
26783                    1.0000     11  26784                    1.0000     11  
26785                    1.0000     11  26786                    1.0000     11  
26787                    1.0000     11  26788                    1.0000     11  
26789                    1.0000     11  26790                    1.0000     11  
********************************************************************************

********************************************************************************
COMMAND LINE SUMMARY
********************************************************************************
This information can also be useful in the event you wish to report a
problem with the MEME software.

command: meme data/tmp_memedir_fin/5_FALSE_TRUE_FALSE_25_30_53_212/ZBED2.fasta -oc data/tmp_memedir_fin/5_FALSE_TRUE_FALSE_25_30_53_212/ZBED2 -nmotifs 6 -dna -maxw 30 -p 7 -seed 53 

model:  mod=         zoops    nmotifs=         6    evt=           inf
objective function:           em=       E-value of product of p-values
                              starts=   E-value of product of p-values
strands: +
width:  minw=            8    maxw=           11
nsites: minsites=        2    maxsites=      478    wnsites=       0.8
theta:  spmap=         uni    spfuzz=        0.5
em:     prior=   dirichlet    b=            0.01    maxiter=        50
        distance=    1e-05
trim:   wg=             11    ws=              1    endgaps=       yes
data:   n=            5258    N=             478
sample: seed=           53    hsfrac=          0
        searchsize=   5258    norand=         no    csites=       1000
Letter frequencies in dataset:
A 0.191 C 0.308 G 0.298 T 0.203 
Background letter frequencies (from file dataset with add-one prior applied):
A 0.191 C 0.308 G 0.298 T 0.203 
Background model order: 0
********************************************************************************


********************************************************************************
MOTIF GKTTCGVD MEME-1	width =   8  sites =  36  llr = 241  E-value = 5.1e-013
********************************************************************************
--------------------------------------------------------------------------------
	Motif GKTTCGVD MEME-1 Description
--------------------------------------------------------------------------------
Simplified        A  11::::32
pos.-specific     C  :1::a:22
probability       G  93:::944
matrix            T  :6aa:113

         bits    2.4   **    
                 2.1   **    
                 1.9   **    
                 1.7   ***   
Relative         1.4   ***   
Entropy          1.2 * ****  
(9.6 bits)       1.0 * ****  
                 0.7 ******  
                 0.5 ******  
                 0.2 ******  
                 0.0 --------

Multilevel           GTTTCGGG
consensus             G    AT
sequence                    A
                             
--------------------------------------------------------------------------------

--------------------------------------------------------------------------------
	Motif GKTTCGVD MEME-1 sites sorted by position p-value
--------------------------------------------------------------------------------
Sequence name             Start   P-value              Site
-------------             ----- ---------            --------
26521                         3  2.19e-05         GG GTTTCGAG C         
26507                         1  2.19e-05          . GTTTCGAT TCT       
26491                         4  2.19e-05        GGA GTTTCGAG           
26771                         2  6.44e-05          A GTTTCGGG AG        
26568                         3  6.44e-05         GG GTTTCGGG C         
26424                         4  6.44e-05        AAA GTTTCGGG           
26633                         4  1.01e-04        CAG GTTTCGTT           
26515                         2  1.01e-04          T GTTTCGTG TT        
26768                         2  1.58e-04          G GTTTCGCT GG        
26561                         4  1.58e-04        GGT GTTTCGTA           
26511                         3  1.58e-04         GG GTTTCGCT A         
26460                         1  1.58e-04          . GTTTCGAC GAA       
26696                         2  2.25e-04          A GGTTCGAG CG        
26525                         2  2.25e-04          G GTTTCGGC GC        
26448                         1  2.25e-04          . GTTTCGGC CAG       
26455                         2  2.37e-04          A GGTTCGAA GC        
26551                         2  2.87e-04          C GGTTCGGG AC        
26468                         4  2.87e-04        GCG GGTTCGGT           
26421                         3  3.06e-04         CG GGTTCGGA G         
26350                         2  3.35e-04          A ATTTCGAG TC        
26562                         2  4.45e-04          G GTTTCGCC GC        
26529                         1  4.45e-04          . GTTTCGCC ACT       
26496                         1  4.79e-04          . GGTTCGTT GCG       
26741                         1  5.64e-04          . GGTTCGTA GCG       
26735                         1  7.42e-04          . GTTTCTCG GGC       
26722                         3  7.42e-04         TT GTTTCTCT G         
26577                         3  7.67e-04         AG GATTCGAA C         
26743                         4  8.70e-04        GTT AGTTCGAT           
26642                         1  8.70e-04          . AGTTCGAG CCC       
26313                         4  8.70e-04        TTC GTTTCTGC           
26687                         1  8.98e-04          . GATTCGGA GGA       
26630                         2  9.86e-04          C GGTTCTGT GG        
26411                         4  1.10e-03        TCC GCTTCGAA           
26555                         1  1.23e-03          . GCTTCGGA GCC       
26418                         3  1.23e-03         CT ATTTCTGG C         
26594                         4  1.51e-03        TTG AGTTCGCG           
--------------------------------------------------------------------------------

--------------------------------------------------------------------------------
	Motif GKTTCGVD MEME-1 block diagrams
--------------------------------------------------------------------------------
SEQUENCE NAME            POSITION P-VALUE  MOTIF DIAGRAM
-------------            ----------------  -------------
26521                             2.2e-05  2_[+1]_1
26507                             2.2e-05  [+1]_3
26491                             2.2e-05  3_[+1]
26771                             6.4e-05  1_[+1]_2
26568                             6.4e-05  2_[+1]_1
26424                             6.4e-05  3_[+1]
26633                              0.0001  3_[+1]
26515                              0.0001  1_[+1]_2
26768                             0.00016  1_[+1]_2
26561                             0.00016  3_[+1]
26511                             0.00016  2_[+1]_1
26460                             0.00016  [+1]_3
26696                             0.00022  1_[+1]_2
26525                             0.00022  1_[+1]_2
26448                             0.00022  [+1]_3
26455                             0.00024  1_[+1]_2
26551                             0.00029  1_[+1]_2
26468                             0.00029  3_[+1]
26421                             0.00031  2_[+1]_1
26350                             0.00034  1_[+1]_2
26562                             0.00044  1_[+1]_2
26529                             0.00044  [+1]_3
26496                             0.00048  [+1]_3
26741                             0.00056  [+1]_3
26735                             0.00074  [+1]_3
26722                             0.00074  2_[+1]_1
26577                             0.00077  2_[+1]_1
26743                             0.00087  3_[+1]
26642                             0.00087  [+1]_3
26313                             0.00087  3_[+1]
26687                              0.0009  [+1]_3
26630                             0.00099  1_[+1]_2
26411                              0.0011  3_[+1]
26555                              0.0012  [+1]_3
26418                              0.0012  2_[+1]_1
26594                              0.0015  3_[+1]
--------------------------------------------------------------------------------

--------------------------------------------------------------------------------
	Motif GKTTCGVD MEME-1 in BLOCKS format
--------------------------------------------------------------------------------
BL   MOTIF GKTTCGVD width=8 seqs=36
26521                    (    3) GTTTCGAG  1 
26507                    (    1) GTTTCGAT  1 
26491                    (    4) GTTTCGAG  1 
26771                    (    2) GTTTCGGG  1 
26568                    (    3) GTTTCGGG  1 
26424                    (    4) GTTTCGGG  1 
26633                    (    4) GTTTCGTT  1 
26515                    (    2) GTTTCGTG  1 
26768                    (    2) GTTTCGCT  1 
26561                    (    4) GTTTCGTA  1 
26511                    (    3) GTTTCGCT  1 
26460                    (    1) GTTTCGAC  1 
26696                    (    2) GGTTCGAG  1 
26525                    (    2) GTTTCGGC  1 
26448                    (    1) GTTTCGGC  1 
26455                    (    2) GGTTCGAA  1 
26551                    (    2) GGTTCGGG  1 
26468                    (    4) GGTTCGGT  1 
26421                    (    3) GGTTCGGA  1 
26350                    (    2) ATTTCGAG  1 
26562                    (    2) GTTTCGCC  1 
26529                    (    1) GTTTCGCC  1 
26496                    (    1) GGTTCGTT  1 
26741                    (    1) GGTTCGTA  1 
26735                    (    1) GTTTCTCG  1 
26722                    (    3) GTTTCTCT  1 
26577                    (    3) GATTCGAA  1 
26743                    (    4) AGTTCGAT  1 
26642                    (    1) AGTTCGAG  1 
26313                    (    4) GTTTCTGC  1 
26687                    (    1) GATTCGGA  1 
26630                    (    2) GGTTCTGT  1 
26411                    (    4) GCTTCGAA  1 
26555                    (    1) GCTTCGGA  1 
26418                    (    3) ATTTCTGG  1 
26594                    (    4) AGTTCGCG  1 
//

--------------------------------------------------------------------------------

--------------------------------------------------------------------------------
	Motif GKTTCGVD MEME-1 position-specific scoring matrix
--------------------------------------------------------------------------------
log-odds matrix: alength= 4 w= 8 n= 1912 bayes= 6.56377 E= 5.1e-013 
   -46  -1181    153  -1181 
  -178   -247      4    153 
 -1181  -1181  -1181    230 
 -1181  -1181  -1181    230 
 -1181    170  -1181  -1181 
 -1181  -1181    153    -54 
    67    -66     28    -54 
    22    -89     28     30 
--------------------------------------------------------------------------------

--------------------------------------------------------------------------------
	Motif GKTTCGVD MEME-1 position-specific probability matrix
--------------------------------------------------------------------------------
letter-probability matrix: alength= 4 w= 8 nsites= 36 E= 5.1e-013 
 0.138889  0.000000  0.861111  0.000000 
 0.055556  0.055556  0.305556  0.583333 
 0.000000  0.000000  0.000000  1.000000 
 0.000000  0.000000  0.000000  1.000000 
 0.000000  1.000000  0.000000  0.000000 
 0.000000  0.000000  0.861111  0.138889 
 0.305556  0.194444  0.361111  0.138889 
 0.222222  0.166667  0.361111  0.250000 
--------------------------------------------------------------------------------

--------------------------------------------------------------------------------
	Motif GKTTCGVD MEME-1 regular expression
--------------------------------------------------------------------------------
G[TG]TTCG[GA][GTA]
--------------------------------------------------------------------------------




Time  2.15 secs.

********************************************************************************


********************************************************************************
MOTIF CGAAACCS MEME-2	width =   8  sites =  31  llr = 206  E-value = 2.7e-006
********************************************************************************
--------------------------------------------------------------------------------
	Motif CGAAACCS MEME-2 Description
--------------------------------------------------------------------------------
Simplified        A  1:9a7:11
pos.-specific     C  8:::1973
probability       G  1a1:11:5
matrix            T  ::::2:22

         bits    2.4    *    
                 2.1    *    
                 1.9    *    
                 1.7   **    
Relative         1.4  ***    
Entropy          1.2  *** *  
(9.6 bits)       1.0 ******  
                 0.7 ******* 
                 0.5 ******* 
                 0.2 ********
                 0.0 --------

Multilevel           CGAAACCG
consensus                  TC
sequence                     
                             
--------------------------------------------------------------------------------

--------------------------------------------------------------------------------
	Motif CGAAACCS MEME-2 sites sorted by position p-value
--------------------------------------------------------------------------------
Sequence name             Start   P-value              Site
-------------             ----- ---------            --------
26631                         4  1.81e-05        GAG CGAAACCG           
26526                         3  1.81e-05         GG CGAAACCG C         
26346                         2  1.81e-05          C CGAAACCG CG        
26603                         3  4.91e-05         CA CGAAACCT G         
26776                         2  6.10e-05          T CGAAACTG CG        
26414                         4  6.10e-05        ATT CGAAACTG           
26370                         4  1.12e-04        CTC CGAAACCA           
26363                         1  1.12e-04          . CGAAACCA AAA       
26566                         2  1.43e-04          T CGAATCCC CT        
26435                         4  1.43e-04        ACC CGAATCCC           
26351                         2  1.43e-04          A CGAAACAG AC        
26436                         3  1.85e-04         AC AGAAACCG C         
26667                         1  2.23e-04          . GGAAACCG GAA       
26737                         2  3.29e-04          C CGGAACCG GG        
26482                         4  3.29e-04        GCA CGAACCCG           
26398                         1  3.29e-04          . AGAAACCC CAG       
26710                         2  3.91e-04          G CGAAAGTG CT        
26601                         4  4.19e-04        GGC CGAATCTT           
26584                         1  5.18e-04          . CGAACCCC GAA       
26570                         2  5.18e-04          C CGGAACCC AA        
26548                         4  5.18e-04        AGC CGGAACCC           
26457                         4  5.18e-04        GCA CGAAGCCG           
26553                         2  5.82e-04          C CGAACCCT CG        
26395                         2  5.82e-04          T CGAAAGTC AC        
26343                         4  6.76e-04        TCG CGAAAGTT           
26338                         2  6.76e-04          G GGAAACTC CG        
26661                         2  7.76e-04          G CGAATGCG GC        
26560                         1  7.76e-04          . CGAAGCCT TCT       
26739                         1  9.78e-04          . CCAAACCC GAG       
26408                         1  1.16e-03          . GGAATCCC ACG       
26416                         3  1.38e-03         CT CGGAACAG C         
--------------------------------------------------------------------------------

--------------------------------------------------------------------------------
	Motif CGAAACCS MEME-2 block diagrams
--------------------------------------------------------------------------------
SEQUENCE NAME            POSITION P-VALUE  MOTIF DIAGRAM
-------------            ----------------  -------------
26631                             1.8e-05  3_[+2]
26526                             1.8e-05  2_[+2]_1
26346                             1.8e-05  1_[+2]_2
26603                             4.9e-05  2_[+2]_1
26776                             6.1e-05  1_[+2]_2
26414                             6.1e-05  3_[+2]
26370                             0.00011  3_[+2]
26363                             0.00011  [+2]_3
26566                             0.00014  1_[+2]_2
26435                             0.00014  3_[+2]
26351                             0.00014  1_[+2]_2
26436                             0.00019  2_[+2]_1
26667                             0.00022  [+2]_3
26737                             0.00033  1_[+2]_2
26482                             0.00033  3_[+2]
26398                             0.00033  [+2]_3
26710                             0.00039  1_[+2]_2
26601                             0.00042  3_[+2]
26584                             0.00052  [+2]_3
26570                             0.00052  1_[+2]_2
26548                             0.00052  3_[+2]
26457                             0.00052  3_[+2]
26553                             0.00058  1_[+2]_2
26395                             0.00058  1_[+2]_2
26343                             0.00068  3_[+2]
26338                             0.00068  1_[+2]_2
26661                             0.00078  1_[+2]_2
26560                             0.00078  [+2]_3
26739                             0.00098  [+2]_3
26408                              0.0012  [+2]_3
26416                              0.0014  2_[+2]_1
--------------------------------------------------------------------------------

--------------------------------------------------------------------------------
	Motif CGAAACCS MEME-2 in BLOCKS format
--------------------------------------------------------------------------------
BL   MOTIF CGAAACCS width=8 seqs=31
26631                    (    4) CGAAACCG  1 
26526                    (    3) CGAAACCG  1 
26346                    (    2) CGAAACCG  1 
26603                    (    3) CGAAACCT  1 
26776                    (    2) CGAAACTG  1 
26414                    (    4) CGAAACTG  1 
26370                    (    4) CGAAACCA  1 
26363                    (    1) CGAAACCA  1 
26566                    (    2) CGAATCCC  1 
26435                    (    4) CGAATCCC  1 
26351                    (    2) CGAAACAG  1 
26436                    (    3) AGAAACCG  1 
26667                    (    1) GGAAACCG  1 
26737                    (    2) CGGAACCG  1 
26482                    (    4) CGAACCCG  1 
26398                    (    1) AGAAACCC  1 
26710                    (    2) CGAAAGTG  1 
26601                    (    4) CGAATCTT  1 
26584                    (    1) CGAACCCC  1 
26570                    (    2) CGGAACCC  1 
26548                    (    4) CGGAACCC  1 
26457                    (    4) CGAAGCCG  1 
26553                    (    2) CGAACCCT  1 
26395                    (    2) CGAAAGTC  1 
26343                    (    4) CGAAAGTT  1 
26338                    (    2) GGAAACTC  1 
26661                    (    2) CGAATGCG  1 
26560                    (    1) CGAAGCCT  1 
26739                    (    1) CCAAACCC  1 
26408                    (    1) GGAATCCC  1 
26416                    (    3) CGGAACAG  1 
//

--------------------------------------------------------------------------------

--------------------------------------------------------------------------------
	Motif CGAAACCS MEME-2 position-specific scoring matrix
--------------------------------------------------------------------------------
log-odds matrix: alength= 4 w= 8 n= 1912 bayes= 6.63853 E= 2.7e-006 
  -157    144   -162  -1160 
 -1160   -325    170  -1160 
   219  -1160   -121  -1160 
   239  -1160  -1160  -1160 
   182   -167   -220    -33 
 -1160    150   -121  -1160 
  -157    120  -1160     16 
  -157      7     60    -33 
--------------------------------------------------------------------------------

--------------------------------------------------------------------------------
	Motif CGAAACCS MEME-2 position-specific probability matrix
--------------------------------------------------------------------------------
letter-probability matrix: alength= 4 w= 8 nsites= 31 E= 2.7e-006 
 0.064516  0.838710  0.096774  0.000000 
 0.000000  0.032258  0.967742  0.000000 
 0.870968  0.000000  0.129032  0.000000 
 1.000000  0.000000  0.000000  0.000000 
 0.677419  0.096774  0.064516  0.161290 
 0.000000  0.870968  0.129032  0.000000 
 0.064516  0.709677  0.000000  0.225806 
 0.064516  0.322581  0.451613  0.161290 
--------------------------------------------------------------------------------

--------------------------------------------------------------------------------
	Motif CGAAACCS MEME-2 regular expression
--------------------------------------------------------------------------------
CGAAAC[CT][GC]
--------------------------------------------------------------------------------




Time  2.33 secs.

********************************************************************************


********************************************************************************
MOTIF GCRGTTTC MEME-3	width =   8  sites =  17  llr = 130  E-value = 6.0e-002
********************************************************************************
--------------------------------------------------------------------------------
	Motif GCRGTTTC MEME-3 Description
--------------------------------------------------------------------------------
Simplified        A  326:::11
pos.-specific     C  :8:21::9
probability       G  7:47::::
matrix            T  :1:19a9:

         bits    2.4      *  
                 2.1      *  
                 1.9      ** 
                 1.7     *** 
Relative         1.4     ****
Entropy          1.2   * ****
(11.1 bits)      1.0 *** ****
                 0.7 ********
                 0.5 ********
                 0.2 ********
                 0.0 --------

Multilevel           GCAGTTTC
consensus            A GC    
sequence                     
                             
--------------------------------------------------------------------------------

--------------------------------------------------------------------------------
	Motif GCRGTTTC MEME-3 sites sorted by position p-value
--------------------------------------------------------------------------------
Sequence name             Start   P-value              Site
-------------             ----- ---------            --------
26724                         4  1.35e-05        GTG GCAGTTTC           
26621                         4  1.35e-05        GGC GCAGTTTC           
26572                         3  1.35e-05         CA GCAGTTTC G         
26509                         2  1.35e-05          G GCAGTTTC GC        
26407                         2  6.53e-05          G GCACTTTC GG        
26588                         3  9.31e-05         GA ACACTTTC G         
26682                         2  1.37e-04          A GCATTTTC CG        
26615                         4  1.67e-04        ACT GCGCTTTC           
26422                         3  1.75e-04         TG GCAGTTTA T         
26593                         2  2.04e-04          C ACAGTTAC TA        
26332                         4  2.04e-04        ACT GCAGCTTC           
26366                         2  2.24e-04          T AAGGTTTC GG        
26347                         3  2.24e-04         CC AAGGTTTC G         
26475                         2  2.29e-04          G AAACTTTC GG        
26483                         2  2.95e-04          C GCGGTTAC TG        
26554                         2  3.36e-04          T GTGGTTTC TA        
26731                         2  4.52e-04          T GCGGCTTC GT        
--------------------------------------------------------------------------------

--------------------------------------------------------------------------------
	Motif GCRGTTTC MEME-3 block diagrams
--------------------------------------------------------------------------------
SEQUENCE NAME            POSITION P-VALUE  MOTIF DIAGRAM
-------------            ----------------  -------------
26724                             1.3e-05  3_[+3]
26621                             1.3e-05  3_[+3]
26572                             1.3e-05  2_[+3]_1
26509                             1.3e-05  1_[+3]_2
26407                             6.5e-05  1_[+3]_2
26588                             9.3e-05  2_[+3]_1
26682                             0.00014  1_[+3]_2
26615                             0.00017  3_[+3]
26422                             0.00018  2_[+3]_1
26593                              0.0002  1_[+3]_2
26332                              0.0002  3_[+3]
26366                             0.00022  1_[+3]_2
26347                             0.00022  2_[+3]_1
26475                             0.00023  1_[+3]_2
26483                              0.0003  1_[+3]_2
26554                             0.00034  1_[+3]_2
26731                             0.00045  1_[+3]_2
--------------------------------------------------------------------------------

--------------------------------------------------------------------------------
	Motif GCRGTTTC MEME-3 in BLOCKS format
--------------------------------------------------------------------------------
BL   MOTIF GCRGTTTC width=8 seqs=17
26724                    (    4) GCAGTTTC  1 
26621                    (    4) GCAGTTTC  1 
26572                    (    3) GCAGTTTC  1 
26509                    (    2) GCAGTTTC  1 
26407                    (    2) GCACTTTC  1 
26588                    (    3) ACACTTTC  1 
26682                    (    2) GCATTTTC  1 
26615                    (    4) GCGCTTTC  1 
26422                    (    3) GCAGTTTA  1 
26593                    (    2) ACAGTTAC  1 
26332                    (    4) GCAGCTTC  1 
26366                    (    2) AAGGTTTC  1 
26347                    (    3) AAGGTTTC  1 
26475                    (    2) AAACTTTC  1 
26483                    (    2) GCGGTTAC  1 
26554                    (    2) GTGGTTTC  1 
26731                    (    2) GCGGCTTC  1 
//

--------------------------------------------------------------------------------

--------------------------------------------------------------------------------
	Motif GCRGTTTC MEME-3 position-specific scoring matrix
--------------------------------------------------------------------------------
log-odds matrix: alength= 4 w= 8 n= 1912 bayes= 8.17341 E= 6.0e-002 
    62  -1073    124  -1073 
   -12    131  -1073   -178 
   176  -1073     24  -1073 
 -1073    -39    124   -178 
 -1073   -139  -1073    212 
 -1073  -1073  -1073    230 
   -70  -1073  -1073    212 
  -170    161  -1073  -1073 
--------------------------------------------------------------------------------

--------------------------------------------------------------------------------
	Motif GCRGTTTC MEME-3 position-specific probability matrix
--------------------------------------------------------------------------------
letter-probability matrix: alength= 4 w= 8 nsites= 17 E= 6.0e-002 
 0.294118  0.000000  0.705882  0.000000 
 0.176471  0.764706  0.000000  0.058824 
 0.647059  0.000000  0.352941  0.000000 
 0.000000  0.235294  0.705882  0.058824 
 0.000000  0.117647  0.000000  0.882353 
 0.000000  0.000000  0.000000  1.000000 
 0.117647  0.000000  0.000000  0.882353 
 0.058824  0.941176  0.000000  0.000000 
--------------------------------------------------------------------------------

--------------------------------------------------------------------------------
	Motif GCRGTTTC MEME-3 regular expression
--------------------------------------------------------------------------------
[GA]C[AG][GC]TTTC
--------------------------------------------------------------------------------




Time  2.73 secs.

********************************************************************************


********************************************************************************
MOTIF AAAAAYAA MEME-4	width =   8  sites =   2  llr = 25  E-value = 1.4e+002
********************************************************************************
--------------------------------------------------------------------------------
	Motif AAAAAYAA MEME-4 Description
--------------------------------------------------------------------------------
Simplified        A  aaaaa:aa
pos.-specific     C  :::::5::
probability       G  ::::::::
matrix            T  :::::5::

         bits    2.4 ***** **
                 2.1 ***** **
                 1.9 ***** **
                 1.7 ***** **
Relative         1.4 ***** **
Entropy          1.2 ***** **
(17.7 bits)      1.0 ********
                 0.7 ********
                 0.5 ********
                 0.2 ********
                 0.0 --------

Multilevel           AAAAACAA
consensus                 T  
sequence                     
                             
--------------------------------------------------------------------------------

--------------------------------------------------------------------------------
	Motif AAAAAYAA MEME-4 sites sorted by position p-value
--------------------------------------------------------------------------------
Sequence name             Start   P-value              Site
-------------             ----- ---------            --------
26368                         2  1.88e-06          C AAAAATAA AC        
26427                         1  4.74e-06          . AAAAACAA CAG       
--------------------------------------------------------------------------------

--------------------------------------------------------------------------------
	Motif AAAAAYAA MEME-4 block diagrams
--------------------------------------------------------------------------------
SEQUENCE NAME            POSITION P-VALUE  MOTIF DIAGRAM
-------------            ----------------  -------------
26368                             1.9e-06  1_[+4]_2
26427                             4.7e-06  [+4]_3
--------------------------------------------------------------------------------

--------------------------------------------------------------------------------
	Motif AAAAAYAA MEME-4 in BLOCKS format
--------------------------------------------------------------------------------
BL   MOTIF AAAAAYAA width=8 seqs=2
26368                    (    2) AAAAATAA  1 
26427                    (    1) AAAAACAA  1 
//

--------------------------------------------------------------------------------

--------------------------------------------------------------------------------
	Motif AAAAAYAA MEME-4 position-specific scoring matrix
--------------------------------------------------------------------------------
log-odds matrix: alength= 4 w= 8 n= 1912 bayes= 9.89936 E= 1.4e+002 
   238   -765   -765   -765 
   238   -765   -765   -765 
   238   -765   -765   -765 
   238   -765   -765   -765 
   238   -765   -765   -765 
  -765     70   -765    130 
   238   -765   -765   -765 
   238   -765   -765   -765 
--------------------------------------------------------------------------------

--------------------------------------------------------------------------------
	Motif AAAAAYAA MEME-4 position-specific probability matrix
--------------------------------------------------------------------------------
letter-probability matrix: alength= 4 w= 8 nsites= 2 E= 1.4e+002 
 1.000000  0.000000  0.000000  0.000000 
 1.000000  0.000000  0.000000  0.000000 
 1.000000  0.000000  0.000000  0.000000 
 1.000000  0.000000  0.000000  0.000000 
 1.000000  0.000000  0.000000  0.000000 
 0.000000  0.500000  0.000000  0.500000 
 1.000000  0.000000  0.000000  0.000000 
 1.000000  0.000000  0.000000  0.000000 
--------------------------------------------------------------------------------

--------------------------------------------------------------------------------
	Motif AAAAAYAA MEME-4 regular expression
--------------------------------------------------------------------------------
AAAAA[CT]AA
--------------------------------------------------------------------------------




Time  3.58 secs.

********************************************************************************


********************************************************************************
MOTIF TTTTTATW MEME-5	width =   8  sites =   3  llr = 37  E-value = 9.7e+001
********************************************************************************
--------------------------------------------------------------------------------
	Motif TTTTTATW MEME-5 Description
--------------------------------------------------------------------------------
Simplified        A  :::::a:7
pos.-specific     C  ::::::::
probability       G  ::::::::
matrix            T  aaaaa:a3

         bits    2.4 ******* 
                 2.1 ******* 
                 1.9 ******* 
                 1.7 ******* 
Relative         1.4 ********
Entropy          1.2 ********
(17.6 bits)      1.0 ********
                 0.7 ********
                 0.5 ********
                 0.2 ********
                 0.0 --------

Multilevel           TTTTTATA
consensus                   T
sequence                     
                             
--------------------------------------------------------------------------------

--------------------------------------------------------------------------------
	Motif TTTTTATW MEME-5 sites sorted by position p-value
--------------------------------------------------------------------------------
Sequence name             Start   P-value              Site
-------------             ----- ---------            --------
26728                         4  2.55e-06        TCA TTTTTATA           
26467                         2  2.55e-06          C TTTTTATA GT        
26329                         4  5.27e-06        GGT TTTTTATT           
--------------------------------------------------------------------------------

--------------------------------------------------------------------------------
	Motif TTTTTATW MEME-5 block diagrams
--------------------------------------------------------------------------------
SEQUENCE NAME            POSITION P-VALUE  MOTIF DIAGRAM
-------------            ----------------  -------------
26728                             2.6e-06  3_[+5]
26467                             2.6e-06  1_[+5]_2
26329                             5.3e-06  3_[+5]
--------------------------------------------------------------------------------

--------------------------------------------------------------------------------
	Motif TTTTTATW MEME-5 in BLOCKS format
--------------------------------------------------------------------------------
BL   MOTIF TTTTTATW width=8 seqs=3
26728                    (    4) TTTTTATA  1 
26467                    (    2) TTTTTATA  1 
26329                    (    4) TTTTTATT  1 
//

--------------------------------------------------------------------------------

--------------------------------------------------------------------------------
	Motif TTTTTATW MEME-5 position-specific scoring matrix
--------------------------------------------------------------------------------
log-odds matrix: alength= 4 w= 8 n= 1912 bayes= 9.7617 E= 9.7e+001 
  -823   -823   -823    230 
  -823   -823   -823    230 
  -823   -823   -823    230 
  -823   -823   -823    230 
  -823   -823   -823    230 
   238   -823   -823   -823 
  -823   -823   -823    230 
   180   -823   -823     72 
--------------------------------------------------------------------------------

--------------------------------------------------------------------------------
	Motif TTTTTATW MEME-5 position-specific probability matrix
--------------------------------------------------------------------------------
letter-probability matrix: alength= 4 w= 8 nsites= 3 E= 9.7e+001 
 0.000000  0.000000  0.000000  1.000000 
 0.000000  0.000000  0.000000  1.000000 
 0.000000  0.000000  0.000000  1.000000 
 0.000000  0.000000  0.000000  1.000000 
 0.000000  0.000000  0.000000  1.000000 
 1.000000  0.000000  0.000000  0.000000 
 0.000000  0.000000  0.000000  1.000000 
 0.666667  0.000000  0.000000  0.333333 
--------------------------------------------------------------------------------

--------------------------------------------------------------------------------
	Motif TTTTTATW MEME-5 regular expression
--------------------------------------------------------------------------------
TTTTTAT[AT]
--------------------------------------------------------------------------------




Time  3.88 secs.

********************************************************************************


********************************************************************************
MOTIF RKGGGAGG MEME-6	width =   8  sites =   6  llr = 55  E-value = 5.6e+002
********************************************************************************
--------------------------------------------------------------------------------
	Motif RKGGGAGG MEME-6 Description
--------------------------------------------------------------------------------
Simplified        A  5::::a::
pos.-specific     C  ::::::::
probability       G  57aaa:aa
matrix            T  :3::::::

         bits    2.4      *  
                 2.1      *  
                 1.9      *  
                 1.7   ******
Relative         1.4   ******
Entropy          1.2   ******
(13.2 bits)      1.0 ********
                 0.7 ********
                 0.5 ********
                 0.2 ********
                 0.0 --------

Multilevel           AGGGGAGG
consensus            GT      
sequence                     
                             
--------------------------------------------------------------------------------

--------------------------------------------------------------------------------
	Motif RKGGGAGG MEME-6 sites sorted by position p-value
--------------------------------------------------------------------------------
Sequence name             Start   P-value              Site
-------------             ----- ---------            --------
26745                         4  2.55e-05        TGC AGGGGAGG           
26734                         3  2.55e-05         GA AGGGGAGG C         
26430                         2  2.55e-05          C AGGGGAGG CC        
26528                         4  8.28e-05        TCC GGGGGAGG           
26632                         1  1.10e-04          . GTGGGAGG GGG       
26397                         4  1.10e-04        TTC GTGGGAGG           
--------------------------------------------------------------------------------

--------------------------------------------------------------------------------
	Motif RKGGGAGG MEME-6 block diagrams
--------------------------------------------------------------------------------
SEQUENCE NAME            POSITION P-VALUE  MOTIF DIAGRAM
-------------            ----------------  -------------
26745                             2.6e-05  3_[+6]
26734                             2.6e-05  2_[+6]_1
26430                             2.6e-05  1_[+6]_2
26528                             8.3e-05  3_[+6]
26632                             0.00011  [+6]_3
26397                             0.00011  3_[+6]
--------------------------------------------------------------------------------

--------------------------------------------------------------------------------
	Motif RKGGGAGG MEME-6 in BLOCKS format
--------------------------------------------------------------------------------
BL   MOTIF RKGGGAGG width=8 seqs=6
26745                    (    4) AGGGGAGG  1 
26734                    (    3) AGGGGAGG  1 
26430                    (    2) AGGGGAGG  1 
26528                    (    4) GGGGGAGG  1 
26632                    (    1) GTGGGAGG  1 
26397                    (    4) GTGGGAGG  1 
//

--------------------------------------------------------------------------------

--------------------------------------------------------------------------------
	Motif RKGGGAGG MEME-6 position-specific scoring matrix
--------------------------------------------------------------------------------
log-odds matrix: alength= 4 w= 8 n= 1912 bayes= 8.76004 E= 5.6e+002 
   138   -923     75   -923 
  -923   -923    116     72 
  -923   -923    175   -923 
  -923   -923    175   -923 
  -923   -923    175   -923 
   238   -923   -923   -923 
  -923   -923    175   -923 
  -923   -923    175   -923 
--------------------------------------------------------------------------------

--------------------------------------------------------------------------------
	Motif RKGGGAGG MEME-6 position-specific probability matrix
--------------------------------------------------------------------------------
letter-probability matrix: alength= 4 w= 8 nsites= 6 E= 5.6e+002 
 0.500000  0.000000  0.500000  0.000000 
 0.000000  0.000000  0.666667  0.333333 
 0.000000  0.000000  1.000000  0.000000 
 0.000000  0.000000  1.000000  0.000000 
 0.000000  0.000000  1.000000  0.000000 
 1.000000  0.000000  0.000000  0.000000 
 0.000000  0.000000  1.000000  0.000000 
 0.000000  0.000000  1.000000  0.000000 
--------------------------------------------------------------------------------

--------------------------------------------------------------------------------
	Motif RKGGGAGG MEME-6 regular expression
--------------------------------------------------------------------------------
[AG][GT]GGGAGG
--------------------------------------------------------------------------------




Time  4.24 secs.

********************************************************************************


********************************************************************************
SUMMARY OF MOTIFS
********************************************************************************

--------------------------------------------------------------------------------
	Combined block diagrams: non-overlapping sites with p-value < 0.0001
--------------------------------------------------------------------------------
SEQUENCE NAME            COMBINED P-VALUE  MOTIF DIAGRAM
-------------            ----------------  -------------
26313                            5.44e-02  11
26314                            1.30e-01  11
26315                            9.06e-01  11
26316                            9.86e-01  11
26317                            2.31e-01  11
26318                            1.80e-01  11
26319                            3.52e-01  11
26320                            7.61e-01  11
26321                            8.28e-01  11
26322                            1.80e-01  11
26323                            2.01e-01  11
26324                            2.34e-01  11
26325                            4.16e-01  11
26326                            1.04e-01  11
26327                            8.34e-01  11
26328                            4.32e-01  11
26329                            9.81e-04  3_[+5(5.27e-06)]
26330                            3.39e-01  11
26331                            5.91e-01  11
26332                            7.65e-02  11
26333                            8.95e-01  11
26334                            9.89e-01  11
26335                            1.89e-01  11
26336                            4.89e-01  11
26337                            6.38e-01  11
26338                            5.81e-02  11
26339                            9.25e-02  11
26340                            2.74e-01  11
26341                            7.71e-01  11
26342                            6.29e-01  11
26343                            1.42e-01  11
26344                            1.71e-01  11
26345                            2.87e-02  11
26346                            2.27e-02  1_[+2(1.81e-05)]_2
26347                            2.20e-02  11
26348                            7.68e-02  11
26349                            4.67e-01  11
26350                            2.29e-02  11
26351                            8.25e-03  11
26352                            7.61e-01  11
26353                            9.56e-01  11
26354                            1.34e-01  11
26355                            7.74e-01  11
26356                            9.45e-01  11
26357                            8.14e-01  11
26358                            2.45e-01  11
26359                            9.29e-01  11
26360                            3.20e-01  11
26361                            4.69e-01  11
26362                            1.84e-01  11
26363                            2.99e-03  11
26364                            9.31e-01  11
26365                            3.60e-01  11
26366                            4.12e-02  11
26367                            6.98e-01  11
26368                            4.20e-03  1_[+4(1.88e-06)]_2
26369                            4.77e-01  11
26370                            2.93e-02  11
26371                            9.70e-01  11
26372                            6.53e-01  11
26373                            9.32e-01  11
26374                            5.84e-01  11
26375                            7.29e-01  11
26376                            3.05e-01  11
26377                            6.75e-01  11
26378                            6.29e-01  11
26379                            6.39e-01  11
26380                            1.10e-01  11
26381                            8.25e-01  11
26382                            9.25e-01  11
26383                            4.35e-01  11
26384                            3.96e-01  11
26385                            3.29e-02  11
26386                            7.23e-01  11
26387                            6.05e-01  11
26388                            4.67e-02  11
26389                            8.29e-01  11
26390                            9.92e-01  11
26391                            1.78e-01  11
26392                            3.60e-01  11
26393                            1.04e-01  11
26394                            7.91e-01  11
26395                            7.24e-03  11
26396                            4.94e-01  11
26397                            1.06e-01  11
26398                            5.62e-02  11
26399                            2.08e-01  11
26400                            9.42e-01  11
26401                            2.63e-01  11
26402                            8.95e-01  11
26403                            8.15e-02  11
26404                            3.43e-01  11
26405                            7.59e-01  11
26406                            6.46e-02  11
26407                            5.38e-02  1_[+3(6.53e-05)]_2
26408                            9.61e-02  11
26409                            2.17e-01  11
26410                            4.01e-01  11
26411                            1.74e-01  11
26412                            2.46e-01  11
26413                            9.37e-01  11
26414                            1.40e-02  3_[+2(6.10e-05)]
26415                            8.37e-01  11
26416                            1.69e-01  11
26417                            9.27e-01  11
26418                            5.70e-02  11
26419                            3.76e-01  11
26420                            3.69e-01  11
26421                            1.03e-01  11
26422                            1.22e-01  11
26423                            6.66e-01  11
26424                            1.11e-04  3_[+1(6.44e-05)]
26425                            7.62e-01  11
26426                            1.27e-01  11
26427                            5.71e-03  [+4(4.74e-06)]_3
26428                            9.73e-01  11
26429                            9.09e-01  11
26430                            1.31e-02  1_[+6(2.55e-05)]_2
26431                            6.31e-01  11
26432                            4.35e-01  11
26433                            7.90e-01  11
26434                            9.89e-01  11
26435                            1.30e-01  11
26436                            1.99e-02  11
26437                            9.96e-01  11
26438                            4.18e-01  11
26439                            1.93e-01  11
26440                            4.24e-01  11
26441                            9.89e-01  11
26442                            8.30e-01  11
26443                            4.32e-01  11
26444                            9.73e-01  11
26445                            7.34e-01  11
26446                            8.82e-01  11
26447                            6.50e-01  11
26448                            1.56e-01  11
26449                            4.40e-01  11
26450                            8.68e-01  11
26451                            7.21e-01  11
26452                            2.04e-01  11
26453                            8.46e-01  11
26454                            9.66e-01  11
26455                            6.13e-02  11
26456                            5.23e-01  11
26457                            1.64e-01  11
26458                            9.96e-01  11
26459                            1.54e-01  11
26460                            1.34e-02  11
26461                            9.84e-01  11
26462                            1.75e-01  11
26463                            9.42e-01  11
26464                            1.91e-01  11
26465                            4.03e-01  11
26466                            8.25e-01  11
26467                            5.17e-03  1_[+5(2.55e-06)]_2
26468                            9.14e-03  11
26469                            9.87e-01  11
26470                            2.44e-01  11
26471                            7.91e-01  11
26472                            6.19e-02  11
26473                            7.73e-01  11
26474                            5.70e-01  11
26475                            4.42e-02  11
26476                            6.00e-01  11
26477                            7.39e-01  11
26478                            7.54e-02  11
26479                            9.15e-01  11
26480                            2.06e-01  11
26481                            8.56e-01  11
26482                            8.65e-02  11
26483                            4.76e-02  11
26484                            8.64e-01  11
26485                            9.93e-01  11
26486                            2.31e-01  11
26487                            5.26e-02  11
26488                            9.03e-01  11
26489                            9.65e-01  11
26490                            6.86e-01  11
26491                            9.83e-04  3_[+1(2.19e-05)]
26492                            9.89e-01  11
26493                            4.72e-01  11
26494                            9.88e-01  11
26495                            8.64e-01  11
26496                            1.37e-01  11
26497                            3.05e-02  11
26498                            8.64e-01  11
26499                            3.72e-01  11
26500                            9.84e-01  11
26501                            9.96e-01  11
26502                            9.24e-01  11
26503                            6.09e-01  11
26504                            8.83e-01  11
26505                            4.01e-01  11
26506                            3.79e-03  11
26507                            2.16e-03  [+1(2.19e-05)]_3
26508                            9.84e-01  11
26509                            2.08e-02  1_[+3(1.35e-05)]_2
26510                            9.53e-01  11
26511                            2.28e-02  11
26512                            8.89e-01  11
26513                            1.79e-01  11
26514                            9.51e-01  11
26515                            4.09e-02  11
26516                            2.87e-01  11
26517                            4.21e-01  11
26518                            2.35e-01  11
26519                            9.65e-01  11
26520                            9.24e-01  11
26521                            8.73e-03  2_[+1(2.19e-05)]_1
26522                            7.26e-01  11
26523                            4.42e-01  11
26524                            9.61e-01  11
26525                            1.45e-01  11
26526                            2.26e-02  2_[+2(1.81e-05)]_1
26527                            6.40e-01  11
26528                            1.11e-01  3_[+6(8.28e-05)]
26529                            1.75e-01  11
26530                            2.72e-01  11
26531                            3.76e-01  11
26532                            9.17e-01  11
26533                            7.31e-02  11
26534                            7.19e-01  11
26535                            8.47e-01  11
26536                            3.27e-01  11
26537                            6.98e-01  11
26538                            8.63e-01  11
26539                            4.16e-01  11
26540                            7.38e-01  11
26541                            8.31e-01  11
26542                            9.02e-01  11
26543                            6.18e-01  11
26544                            6.63e-01  11
26545                            9.99e-01  11
26546                            8.61e-01  11
26547                            4.39e-01  11
26548                            1.44e-01  11
26549                            7.56e-01  11
26550                            7.67e-01  11
26551                            1.41e-01  11
26552                            5.31e-01  11
26553                            6.54e-02  11
26554                            2.07e-02  11
26555                            1.34e-01  11
26556                            3.82e-01  11
26557                            1.15e-01  11
26558                            9.10e-01  11
26559                            8.93e-01  11
26560                            2.02e-02  11
26561                            9.41e-03  11
26562                            2.54e-01  11
26563                            9.33e-01  11
26564                            9.30e-01  11
26565                            5.23e-01  11
26566                            7.55e-02  11
26567                            1.28e-01  11
26568                            5.88e-02  2_[+1(6.44e-05)]_1
26569                            5.03e-01  11
26570                            2.52e-02  11
26571                            9.30e-01  11
26572                            3.71e-02  2_[+3(1.35e-05)]_1
26573                            1.40e-01  11
26574                            7.68e-01  11
26575                            4.73e-01  11
26576                            9.99e-01  11
26577                            4.47e-02  11
26578                            7.64e-01  11
26579                            8.09e-01  11
26580                            6.37e-01  11
26581                            9.91e-01  11
26582                            9.08e-01  11
26583                            7.79e-01  11
26584                            1.26e-01  11
26585                            5.93e-01  11
26586                            9.52e-01  11
26587                            8.45e-01  11
26588                            4.24e-02  2_[+3(9.31e-05)]_1
26589                            7.57e-01  11
26590                            4.68e-01  11
26591                            3.41e-01  11
26592                            7.67e-01  11
26593                            2.20e-02  11
26594                            2.37e-01  11
26595                            3.02e-01  11
26596                            1.00e+00  11
26597                            4.88e-01  11
26598                            1.86e-01  11
26599                            5.11e-02  11
26600                            8.28e-01  11
26601                            1.42e-01  11
26602                            4.50e-01  11
26603                            4.44e-02  2_[+2(4.91e-05)]_1
26604                            4.92e-01  11
26605                            8.50e-01  11
26606                            7.18e-01  11
26607                            1.00e+00  11
26608                            7.21e-01  11
26609                            6.79e-01  11
26610                            8.71e-01  11
26611                            4.94e-01  11
26612                            9.45e-01  11
26613                            7.59e-01  11
26614                            1.30e-01  11
26615                            6.64e-02  11
26616                            4.05e-01  11
26617                            6.75e-01  11
26618                            5.80e-01  11
26619                            4.83e-01  11
26620                            8.55e-01  11
26621                            1.37e-02  3_[+3(1.35e-05)]
26622                            4.91e-01  11
26623                            7.87e-01  11
26624                            8.93e-01  11
26625                            3.04e-01  11
26626                            8.12e-01  11
26627                            1.46e-01  11
26628                            9.16e-01  11
26629                            2.72e-01  11
26630                            4.93e-02  11
26631                            1.45e-02  3_[+2(1.81e-05)]
26632                            9.24e-02  11
26633                            1.78e-03  11
26634                            4.47e-01  11
26635                            7.44e-02  11
26636                            9.08e-01  11
26637                            9.10e-01  11
26638                            8.59e-01  11
26639                            7.98e-02  11
26640                            9.24e-01  11
26641                            4.70e-01  11
26642                            9.77e-02  11
26643                            6.53e-01  11
26644                            5.81e-01  11
26645                            4.75e-01  11
26646                            3.87e-01  11
26647                            7.99e-01  11
26648                            3.27e-01  11
26649                            8.11e-01  11
26650                            3.58e-01  11
26651                            4.80e-01  11
26652                            1.64e-01  11
26653                            8.79e-01  11
26654                            3.77e-01  11
26655                            8.54e-01  11
26656                            5.47e-01  11
26657                            2.21e-01  11
26658                            5.27e-01  11
26659                            7.26e-01  11
26660                            1.79e-02  11
26661                            8.09e-02  11
26662                            3.40e-01  11
26663                            3.74e-01  11
26664                            9.45e-01  11
26665                            7.50e-01  11
26666                            5.61e-01  11
26667                            4.23e-02  11
26668                            8.73e-01  11
26669                            5.02e-01  11
26670                            9.95e-01  11
26671                            9.71e-01  11
26672                            6.53e-01  11
26673                            8.61e-01  11
26674                            9.85e-01  11
26675                            9.07e-01  11
26676                            9.39e-01  11
26677                            2.44e-01  11
26678                            9.94e-01  11
26679                            8.08e-01  11
26680                            1.43e-01  11
26681                            3.90e-01  11
26682                            2.05e-02  11
26683                            9.34e-01  11
26684                            3.07e-01  11
26685                            4.65e-01  11
26686                            9.99e-01  11
26687                            4.12e-02  11
26688                            4.79e-01  11
26689                            4.55e-01  11
26690                            9.38e-01  11
26691                            7.24e-01  11
26692                            1.22e-01  11
26693                            5.25e-01  11
26694                            8.25e-01  11
26695                            4.86e-01  11
26696                            5.95e-02  11
26697                            5.86e-01  11
26698                            3.72e-01  11
26699                            6.44e-01  11
26700                            3.31e-01  11
26701                            3.54e-01  11
26702                            5.78e-01  11
26703                            4.95e-01  11
26704                            2.33e-02  11
26705                            4.55e-01  11
26706                            3.74e-01  11
26707                            4.43e-01  11
26708                            8.49e-01  11
26709                            2.93e-01  11
26710                            7.52e-02  11
26711                            5.42e-01  11
26712                            8.18e-01  11
26713                            3.68e-01  11
26714                            9.34e-01  11
26715                            4.46e-01  11
26716                            8.46e-01  11
26717                            7.63e-01  11
26718                            5.36e-01  11
26719                            1.70e-01  11
26720                            9.09e-01  11
26721                            9.69e-01  11
26722                            6.24e-02  11
26723                            8.86e-01  11
26724                            5.17e-03  3_[+3(1.35e-05)]
26725                            6.88e-01  11
26726                            6.63e-01  11
26727                            1.01e-01  11
26728                            7.46e-04  3_[+5(2.55e-06)]
26729                            7.53e-01  11
26730                            4.01e-01  11
26731                            2.03e-01  11
26732                            7.77e-01  11
26733                            8.09e-01  11
26734                            3.96e-02  2_[+6(2.55e-05)]_1
26735                            1.78e-01  11
26736                            4.05e-01  11
26737                            1.38e-01  11
26738                            5.54e-01  11
26739                            7.40e-02  11
26740                            4.02e-02  11
26741                            7.71e-02  11
26742                            2.93e-01  11
26743                            1.55e-01  11
26744                            2.87e-01  11
26745                            6.41e-02  3_[+6(2.55e-05)]
26746                            3.86e-01  11
26747                            1.29e-01  11
26748                            7.97e-01  11
26749                            7.08e-01  11
26750                            8.07e-01  11
26751                            8.27e-01  11
26752                            9.78e-01  11
26753                            2.35e-01  11
26754                            5.36e-01  11
26755                            8.22e-01  11
26756                            9.92e-02  11
26757                            8.97e-01  11
26758                            4.59e-01  11
26759                            6.81e-01  11
26760                            5.61e-01  11
26761                            5.39e-01  11
26762                            9.73e-01  11
26763                            2.91e-01  11
26764                            9.21e-01  11
26765                            5.80e-01  11
26766                            8.47e-01  11
26767                            8.18e-01  11
26768                            6.25e-02  11
26769                            8.86e-01  11
26770                            3.55e-01  11
26771                            4.98e-02  1_[+1(6.44e-05)]_2
26772                            8.62e-01  11
26773                            6.46e-01  11
26774                            6.97e-01  11
26775                            5.65e-01  11
26776                            1.37e-02  1_[+2(6.10e-05)]_2
26777                            2.25e-01  11
26778                            9.82e-01  11
26779                            9.35e-01  11
26780                            5.17e-01  11
26781                            4.50e-01  11
26782                            5.19e-01  11
26783                            9.70e-01  11
26784                            6.80e-01  11
26785                            9.88e-01  11
26786                            5.80e-01  11
26787                            5.52e-01  11
26788                            4.92e-01  11
26789                            7.73e-01  11
26790                            9.40e-01  11
--------------------------------------------------------------------------------

********************************************************************************


********************************************************************************
Stopped because requested number of motifs (6) found.
********************************************************************************

CPU: ip-172-31-25-197

********************************************************************************
