********************************************************************************
MEME - Motif discovery tool
********************************************************************************
MEME version 5.5.5 (Release date: Thu Sep 14 08:48:04 2023 +1000)

For further information on how to interpret these results please access http://meme-suite.org.
To get a copy of the MEME Suite software please access https://meme-suite.org.

********************************************************************************


********************************************************************************
REFERENCE
********************************************************************************
If you use this program in your research, please cite:

Timothy L. Bailey and Charles Elkan,
"Fitting a mixture model by expectation maximization to
discover motifs in biopolymers",
Proceedings of the Second International Conference on Intelligent Systems
for Molecular Biology, pp. 28-36, AAAI Press, Menlo Park, California, 1994.
********************************************************************************


********************************************************************************
TRAINING SET
********************************************************************************
PRIMARY SEQUENCES= data/tmp_memedir/10_FALSE_TRUE_TRUE_NA_15_53_101/SALL3.fasta
CONTROL SEQUENCES= --none--
ALPHABET= ACGT
Sequence name            Weight Length  Sequence name            Weight Length  
-------------            ------ ------  -------------            ------ ------  
33028                    1.0000     21  33029                    1.0000     21  
33030                    1.0000     21  33031                    1.0000     21  
33032                    1.0000     21  33033                    1.0000     21  
33034                    1.0000     21  33035                    1.0000     21  
33036                    1.0000     21  33037                    1.0000     21  
33038                    1.0000     21  33039                    1.0000     21  
33040                    1.0000     21  33041                    1.0000     21  
33042                    1.0000     21  33043                    1.0000     21  
33044                    1.0000     21  33045                    1.0000     21  
33046                    1.0000     21  33047                    1.0000     21  
33048                    1.0000     21  33049                    1.0000     21  
33050                    1.0000     21  33051                    1.0000     21  
33052                    1.0000     21  33053                    1.0000     21  
33054                    1.0000     21  33055                    1.0000     21  
33056                    1.0000     21  33057                    1.0000     21  
33058                    1.0000     21  33059                    1.0000     21  
33060                    1.0000     21  33061                    1.0000     21  
33062                    1.0000     21  33063                    1.0000     21  
33064                    1.0000     21  33065                    1.0000     21  
33066                    1.0000     21  33067                    1.0000     21  
33068                    1.0000     21  33069                    1.0000     21  
33070                    1.0000     21  33071                    1.0000     21  
33072                    1.0000     21  33073                    1.0000     21  
33074                    1.0000     21  33075                    1.0000     21  
33076                    1.0000     21  33077                    1.0000     21  
33078                    1.0000     21  33079                    1.0000     21  
33080                    1.0000     21  33081                    1.0000     21  
33082                    1.0000     21  33083                    1.0000     21  
33084                    1.0000     21  33085                    1.0000     21  
33086                    1.0000     21  33087                    1.0000     21  
33088                    1.0000     21  33089                    1.0000     21  
33090                    1.0000     21  33091                    1.0000     21  
33092                    1.0000     21  33093                    1.0000     21  
33094                    1.0000     21  33095                    1.0000     21  
33096                    1.0000     21  33097                    1.0000     21  
33098                    1.0000     21  33099                    1.0000     21  
33100                    1.0000     21  33101                    1.0000     21  
33102                    1.0000     21  33103                    1.0000     21  
33104                    1.0000     21  33105                    1.0000     21  
33106                    1.0000     21  33107                    1.0000     21  
33108                    1.0000     21  33109                    1.0000     21  
33110                    1.0000     21  33111                    1.0000     21  
33112                    1.0000     21  33113                    1.0000     21  
33114                    1.0000     21  33115                    1.0000     21  
33116                    1.0000     21  33117                    1.0000     21  
33118                    1.0000     21  33119                    1.0000     21  
33120                    1.0000     21  33121                    1.0000     21  
33122                    1.0000     21  33123                    1.0000     21  
33124                    1.0000     21  33125                    1.0000     21  
33126                    1.0000     21  33127                    1.0000     21  
33128                    1.0000     21  33129                    1.0000     21  
33130                    1.0000     21  33131                    1.0000     21  
33132                    1.0000     21  33133                    1.0000     21  
33134                    1.0000     21  33135                    1.0000     21  
33136                    1.0000     21  33137                    1.0000     21  
33138                    1.0000     21  33139                    1.0000     21  
33140                    1.0000     21  33141                    1.0000     21  
33142                    1.0000     21  33143                    1.0000     21  
33144                    1.0000     21  33145                    1.0000     21  
33146                    1.0000     21  33147                    1.0000     21  
33148                    1.0000     21  33149                    1.0000     21  
33150                    1.0000     21  33151                    1.0000     21  
33152                    1.0000     21  33153                    1.0000     21  
33154                    1.0000     21  33155                    1.0000     21  
33156                    1.0000     21  33157                    1.0000     21  
33158                    1.0000     21  33159                    1.0000     21  
33160                    1.0000     21  33161                    1.0000     21  
33162                    1.0000     21  33163                    1.0000     21  
33164                    1.0000     21  33165                    1.0000     21  
33166                    1.0000     21  33167                    1.0000     21  
33168                    1.0000     21  33169                    1.0000     21  
33170                    1.0000     21  33171                    1.0000     21  
33172                    1.0000     21  33173                    1.0000     21  
33174                    1.0000     21  33175                    1.0000     21  
33176                    1.0000     21  33177                    1.0000     21  
33178                    1.0000     21  33179                    1.0000     21  
33180                    1.0000     21  33181                    1.0000     21  
33182                    1.0000     21  33183                    1.0000     21  
33184                    1.0000     21  33185                    1.0000     21  
33186                    1.0000     21  33187                    1.0000     21  
33188                    1.0000     21  33189                    1.0000     21  
33190                    1.0000     21  33191                    1.0000     21  
33192                    1.0000     21  33193                    1.0000     21  
33194                    1.0000     21  33195                    1.0000     21  
33196                    1.0000     21  33197                    1.0000     21  
33198                    1.0000     21  33199                    1.0000     21  
33200                    1.0000     21  33201                    1.0000     21  
33202                    1.0000     21  33203                    1.0000     21  
33204                    1.0000     21  33205                    1.0000     21  
33206                    1.0000     21  33207                    1.0000     21  
33208                    1.0000     21  33209                    1.0000     21  
33210                    1.0000     21  33211                    1.0000     21  
33212                    1.0000     21  33213                    1.0000     21  
33214                    1.0000     21  33215                    1.0000     21  
33216                    1.0000     21  33217                    1.0000     21  
33218                    1.0000     21  33219                    1.0000     21  
33220                    1.0000     21  33221                    1.0000     21  
33222                    1.0000     21  33223                    1.0000     21  
33224                    1.0000     21  33225                    1.0000     21  
33226                    1.0000     21  33227                    1.0000     21  
33228                    1.0000     21  33229                    1.0000     21  
33230                    1.0000     21  33231                    1.0000     21  
33232                    1.0000     21  33233                    1.0000     21  
33234                    1.0000     21  33235                    1.0000     21  
33236                    1.0000     21  33237                    1.0000     21  
33238                    1.0000     21  33239                    1.0000     21  
33240                    1.0000     21  33241                    1.0000     21  
33242                    1.0000     21  33243                    1.0000     21  
33244                    1.0000     21  33245                    1.0000     21  
33246                    1.0000     21  33247                    1.0000     21  
33248                    1.0000     21  33249                    1.0000     21  
33250                    1.0000     21  33251                    1.0000     21  
33252                    1.0000     21  33253                    1.0000     21  
33254                    1.0000     21  33255                    1.0000     21  
33256                    1.0000     21  33257                    1.0000     21  
33258                    1.0000     21  33259                    1.0000     21  
33260                    1.0000     21  33261                    1.0000     21  
33262                    1.0000     21  33263                    1.0000     21  
33264                    1.0000     21  33265                    1.0000     21  
33266                    1.0000     21  33267                    1.0000     21  
33268                    1.0000     21  33269                    1.0000     21  
33270                    1.0000     21  33271                    1.0000     21  
33272                    1.0000     21  33273                    1.0000     21  
33274                    1.0000     21  33275                    1.0000     21  
33276                    1.0000     21  33277                    1.0000     21  
33278                    1.0000     21  33279                    1.0000     21  
33280                    1.0000     21  33281                    1.0000     21  
33282                    1.0000     21  33283                    1.0000     21  
33284                    1.0000     21  33285                    1.0000     21  
33286                    1.0000     21  33287                    1.0000     21  
33288                    1.0000     21  33289                    1.0000     21  
33290                    1.0000     21  33291                    1.0000     21  
33292                    1.0000     21  33293                    1.0000     21  
33294                    1.0000     21  33295                    1.0000     21  
33296                    1.0000     21  33297                    1.0000     21  
33298                    1.0000     21  33299                    1.0000     21  
33300                    1.0000     21  33301                    1.0000     21  
33302                    1.0000     21  33303                    1.0000     21  
33304                    1.0000     21  33305                    1.0000     21  
33306                    1.0000     21  33307                    1.0000     21  
33308                    1.0000     21  33309                    1.0000     21  
33310                    1.0000     21  33311                    1.0000     21  
33312                    1.0000     21  33313                    1.0000     21  
33314                    1.0000     21  33315                    1.0000     21  
33316                    1.0000     21  33317                    1.0000     21  
33318                    1.0000     21  33319                    1.0000     21  
33320                    1.0000     21  33321                    1.0000     21  
33322                    1.0000     21  33323                    1.0000     21  
33324                    1.0000     21  33325                    1.0000     21  
33326                    1.0000     21  33327                    1.0000     21  
33328                    1.0000     21  33329                    1.0000     21  
33330                    1.0000     21  33331                    1.0000     21  
33332                    1.0000     21  33333                    1.0000     21  
33334                    1.0000     21  33335                    1.0000     21  
33336                    1.0000     21  33337                    1.0000     21  
33338                    1.0000     21  33339                    1.0000     21  
33340                    1.0000     21  33341                    1.0000     21  
33342                    1.0000     21  33343                    1.0000     21  
33344                    1.0000     21  33345                    1.0000     21  
33346                    1.0000     21  33347                    1.0000     21  
33348                    1.0000     21  33349                    1.0000     21  
33350                    1.0000     21  33351                    1.0000     21  
33352                    1.0000     21  33353                    1.0000     21  
33354                    1.0000     21  33355                    1.0000     21  
33356                    1.0000     21  33357                    1.0000     21  
33358                    1.0000     21  33359                    1.0000     21  
33360                    1.0000     21  33361                    1.0000     21  
33362                    1.0000     21  33363                    1.0000     21  
33364                    1.0000     21  33365                    1.0000     21  
33366                    1.0000     21  33367                    1.0000     21  
33368                    1.0000     21  33369                    1.0000     21  
33370                    1.0000     21  33371                    1.0000     21  
33372                    1.0000     21  33373                    1.0000     21  
33374                    1.0000     21  33375                    1.0000     21  
33376                    1.0000     21  33377                    1.0000     21  
33378                    1.0000     21  33379                    1.0000     21  
33380                    1.0000     21  33381                    1.0000     21  
33382                    1.0000     21  33383                    1.0000     21  
33384                    1.0000     21  33385                    1.0000     21  
33386                    1.0000     21  33387                    1.0000     21  
33388                    1.0000     21  33389                    1.0000     21  
33390                    1.0000     21  33391                    1.0000     21  
33392                    1.0000     21  33393                    1.0000     21  
33394                    1.0000     21  33395                    1.0000     21  
33396                    1.0000     21  33397                    1.0000     21  
33398                    1.0000     21  33399                    1.0000     21  
33400                    1.0000     21  33401                    1.0000     21  
33402                    1.0000     21  33403                    1.0000     21  
33404                    1.0000     21  33405                    1.0000     21  
33406                    1.0000     21  33407                    1.0000     21  
33408                    1.0000     21  33409                    1.0000     21  
33410                    1.0000     21  33411                    1.0000     21  
33412                    1.0000     21  33413                    1.0000     21  
33414                    1.0000     21  33415                    1.0000     21  
33416                    1.0000     21  33417                    1.0000     21  
33418                    1.0000     21  33419                    1.0000     21  
33420                    1.0000     21  33421                    1.0000     21  
33422                    1.0000     21  33423                    1.0000     21  
33424                    1.0000     21  33425                    1.0000     21  
33426                    1.0000     21  33427                    1.0000     21  
33428                    1.0000     21  33429                    1.0000     21  
33430                    1.0000     21  33431                    1.0000     21  
33432                    1.0000     21  33433                    1.0000     21  
33434                    1.0000     21  33435                    1.0000     21  
33436                    1.0000     21  33437                    1.0000     21  
33438                    1.0000     21  33439                    1.0000     21  
33440                    1.0000     21  33441                    1.0000     21  
33442                    1.0000     21  33443                    1.0000     21  
33444                    1.0000     21  33445                    1.0000     21  
33446                    1.0000     21  33447                    1.0000     21  
33448                    1.0000     21  33449                    1.0000     21  
33450                    1.0000     21  33451                    1.0000     21  
33452                    1.0000     21  33453                    1.0000     21  
33454                    1.0000     21  33455                    1.0000     21  
33456                    1.0000     21  33457                    1.0000     21  
33458                    1.0000     21  33459                    1.0000     21  
33460                    1.0000     21  33461                    1.0000     21  
33462                    1.0000     21  33463                    1.0000     21  
33464                    1.0000     21  33465                    1.0000     21  
33466                    1.0000     21  33467                    1.0000     21  
33468                    1.0000     21  33469                    1.0000     21  
33470                    1.0000     21  33471                    1.0000     21  
33472                    1.0000     21  33473                    1.0000     21  
33474                    1.0000     21  33475                    1.0000     21  
33476                    1.0000     21  33477                    1.0000     21  
33478                    1.0000     21  33479                    1.0000     21  
33480                    1.0000     21  33481                    1.0000     21  
33482                    1.0000     21  33483                    1.0000     21  
33484                    1.0000     21  33485                    1.0000     21  
33486                    1.0000     21  33487                    1.0000     21  
33488                    1.0000     21  33489                    1.0000     21  
33490                    1.0000     21  33491                    1.0000     21  
33492                    1.0000     21  33493                    1.0000     21  
33494                    1.0000     21  33495                    1.0000     21  
33496                    1.0000     21  33497                    1.0000     21  
33498                    1.0000     21  33499                    1.0000     21  
33500                    1.0000     21  33501                    1.0000     21  
33502                    1.0000     21  33503                    1.0000     21  
33504                    1.0000     21  33505                    1.0000     21  
33506                    1.0000     21  33507                    1.0000     21  
33508                    1.0000     21  33509                    1.0000     21  
33510                    1.0000     21  33511                    1.0000     21  
33512                    1.0000     21  33513                    1.0000     21  
33514                    1.0000     21  33515                    1.0000     21  
33516                    1.0000     21  33517                    1.0000     21  
33518                    1.0000     21  33519                    1.0000     21  
33520                    1.0000     21  33521                    1.0000     21  
33522                    1.0000     21  33523                    1.0000     21  
33524                    1.0000     21  33525                    1.0000     21  
33526                    1.0000     21  33527                    1.0000     21  
33528                    1.0000     21  33529                    1.0000     21  
33530                    1.0000     21  33531                    1.0000     21  
33532                    1.0000     21  33533                    1.0000     21  
33534                    1.0000     21  33535                    1.0000     21  
33536                    1.0000     21  33537                    1.0000     21  
33538                    1.0000     21  33539                    1.0000     21  
33540                    1.0000     21  33541                    1.0000     21  
33542                    1.0000     21  33543                    1.0000     21  
33544                    1.0000     21  33545                    1.0000     21  
33546                    1.0000     21  33547                    1.0000     21  
33548                    1.0000     21  33549                    1.0000     21  
33550                    1.0000     21  33551                    1.0000     21  
33552                    1.0000     21  33553                    1.0000     21  
33554                    1.0000     21  33555                    1.0000     21  
33556                    1.0000     21  33557                    1.0000     21  
33558                    1.0000     21  33559                    1.0000     21  
33560                    1.0000     21  33561                    1.0000     21  
33562                    1.0000     21  33563                    1.0000     21  
33564                    1.0000     21  33565                    1.0000     21  
33566                    1.0000     21  33567                    1.0000     21  
33568                    1.0000     21  33569                    1.0000     21  
33570                    1.0000     21  33571                    1.0000     21  
33572                    1.0000     21  33573                    1.0000     21  
********************************************************************************

********************************************************************************
COMMAND LINE SUMMARY
********************************************************************************
This information can also be useful in the event you wish to report a
problem with the MEME software.

command: meme data/tmp_memedir/10_FALSE_TRUE_TRUE_NA_15_53_101/SALL3.fasta -oc data/tmp_memedir/10_FALSE_TRUE_TRUE_NA_15_53_101/SALL3 -nmotifs 6 -dna -maxw 15 -p 3 -seed 53 -revcomp 

model:  mod=         zoops    nmotifs=         6    evt=           inf
objective function:           em=       E-value of product of p-values
                              starts=   E-value of product of p-values
strands: + -
width:  minw=            8    maxw=           15
nsites: minsites=        2    maxsites=      546    wnsites=       0.8
theta:  spmap=         uni    spfuzz=        0.5
em:     prior=   dirichlet    b=            0.01    maxiter=        50
        distance=    1e-05
trim:   wg=             11    ws=              1    endgaps=       yes
data:   n=           11466    N=             546
sample: seed=           53    hsfrac=          0
        searchsize=  11466    norand=         no    csites=       1000
Letter frequencies in dataset:
A 0.371 C 0.129 G 0.129 T 0.371 
Background letter frequencies (from file dataset with add-one prior applied):
A 0.371 C 0.129 G 0.129 T 0.371 
Background model order: 0
********************************************************************************


********************************************************************************
MOTIF SWCTSCASYCYSRGC MEME-1	width =  15  sites =  19  llr = 220  E-value = 9.6e-012
********************************************************************************
--------------------------------------------------------------------------------
	Motif SWCTSCASYCYSRGC MEME-1 Description
--------------------------------------------------------------------------------
Simplified        A  :4:2::711:21421
pos.-specific     C  326246135a34219
probability       G  522:51161:14471
matrix            T  2327232:3:52:::

         bits    3.0          *     
                 2.7          *     
                 2.4          *    *
                 2.1          *    *
Relative         1.8          *    *
Entropy          1.5   *    * *   **
(16.7 bits)      1.2 * * ** * *   **
                 0.9 * * ** * * ****
                 0.6 * **** *** ****
                 0.3 * *************
                 0.0 ---------------

Multilevel           GACTGCAGCCTCAGC
consensus            CTG CTTCT CGGA 
sequence             T              
                                    
--------------------------------------------------------------------------------

--------------------------------------------------------------------------------
	Motif SWCTSCASYCYSRGC MEME-1 sites sorted by position p-value
--------------------------------------------------------------------------------
Sequence name            Strand  Start   P-value                 Site    
-------------            ------  ----- ---------            ---------------
33341                        +      1  1.55e-10          . CACTCCAGCCTGGGC GACAGT    
33306                        +      2  6.75e-09          T GAGAGCAGCCTGGGC AACAA     
33337                        -      4  6.89e-08        ACT CACTGCACCCTCCAC CTC       
33497                        -      1  1.47e-07     AAGGGA TTCTCCTGCCTCAGC           
33412                        -      5  6.49e-07         TG CTGTGTAGTCCCAGC TGAT      
33259                        +      3  6.49e-07         GA GCCACCACGCCTGGC CCAA      
33399                        -      1  1.21e-06     CCATGG TACTTTACCCTGGGC           
33113                        +      4  1.96e-06        TGC CACTGCACTCCAGCC TGG       
33082                        +      2  2.37e-06          A GGCATGAGCCACCGC ACCCA     
33464                        +      6  2.60e-06      TCAAA GGGTCCTCCCGGAGG A         
33436                        -      2  2.60e-06      TAAAA GCCTGTTGTCCCAAC A         
33197                        +      1  2.85e-06          . GACCTGAGACGGGGC CACTGC    
33529                        -      5  3.13e-06         AG TGGCGCAATCTCGGC TCAC      
33495                        -      4  3.13e-06        CAT GCCTGTGGTCCTAGC TAC       
33548                        +      6  4.46e-06      GATAT CATTGCAGCCTGAGA A         
33073                        -      4  6.28e-06        GTT CACTGTAACCTCCAC CTC       
33191                        +      3  8.71e-06         AA TTTTCCTGTCTCAGC CTCC      
33034                        -      7  1.02e-05          . GTCCCCCCACAGGCC CTACAA    
33442                        -      2  1.62e-05      AAGCA GTTTCCAGCCATAAC C         
--------------------------------------------------------------------------------

--------------------------------------------------------------------------------
	Motif SWCTSCASYCYSRGC MEME-1 block diagrams
--------------------------------------------------------------------------------
SEQUENCE NAME            POSITION P-VALUE  MOTIF DIAGRAM
-------------            ----------------  -------------
33341                             1.5e-10  [+1]_6
33306                             6.7e-09  1_[+1]_5
33337                             6.9e-08  3_[-1]_3
33497                             1.5e-07  [-1]_6
33412                             6.5e-07  4_[-1]_2
33259                             6.5e-07  2_[+1]_4
33399                             1.2e-06  [-1]_6
33113                               2e-06  3_[+1]_3
33082                             2.4e-06  1_[+1]_5
33464                             2.6e-06  5_[+1]_1
33436                             2.6e-06  1_[-1]_5
33197                             2.9e-06  [+1]_6
33529                             3.1e-06  4_[-1]_2
33495                             3.1e-06  3_[-1]_3
33548                             4.5e-06  5_[+1]_1
33073                             6.3e-06  3_[-1]_3
33191                             8.7e-06  2_[+1]_4
33034                               1e-05  6_[-1]
33442                             1.6e-05  1_[-1]_5
--------------------------------------------------------------------------------

--------------------------------------------------------------------------------
	Motif SWCTSCASYCYSRGC MEME-1 in BLOCKS format
--------------------------------------------------------------------------------
BL   MOTIF SWCTSCASYCYSRGC width=15 seqs=19
33341                    (    1) CACTCCAGCCTGGGC  1 
33306                    (    2) GAGAGCAGCCTGGGC  1 
33337                    (    4) CACTGCACCCTCCAC  1 
33497                    (    1) TTCTCCTGCCTCAGC  1 
33412                    (    5) CTGTGTAGTCCCAGC  1 
33259                    (    3) GCCACCACGCCTGGC  1 
33399                    (    1) TACTTTACCCTGGGC  1 
33113                    (    4) CACTGCACTCCAGCC  1 
33082                    (    2) GGCATGAGCCACCGC  1 
33464                    (    6) GGGTCCTCCCGGAGG  1 
33436                    (    2) GCCTGTTGTCCCAAC  1 
33197                    (    1) GACCTGAGACGGGGC  1 
33529                    (    5) TGGCGCAATCTCGGC  1 
33495                    (    4) GCCTGTGGTCCTAGC  1 
33548                    (    6) CATTGCAGCCTGAGA  1 
33073                    (    4) CACTGTAACCTCCAC  1 
33191                    (    3) TTTTCCTGTCTCAGC  1 
33034                    (    7) GTCCCCCCACAGGCC  1 
33442                    (    2) GTTTCCAGCCATAAC  1 
//

--------------------------------------------------------------------------------

--------------------------------------------------------------------------------
	Motif SWCTSCASYCYSRGC MEME-1 position-specific scoring matrix
--------------------------------------------------------------------------------
log-odds matrix: alength= 4 w= 15 n= 3822 bayes= 9.46511 E= 9.6e-012 
 -1089    129    188    -82 
    18     29     29    -50 
 -1089    229     71   -123 
  -123     29  -1089     88 
 -1089    152    188   -123 
 -1089    229    -29    -50 
    88   -129   -129    -82 
  -182    129    217  -1089 
  -182    203   -129    -23 
 -1089    296  -1089  -1089 
  -123    103    -29     35 
  -281    171    152   -123 
    18     29    171  -1089 
   -82    -29    241  -1089 
  -281    280   -129  -1089 
--------------------------------------------------------------------------------

--------------------------------------------------------------------------------
	Motif SWCTSCASYCYSRGC MEME-1 position-specific probability matrix
--------------------------------------------------------------------------------
letter-probability matrix: alength= 4 w= 15 nsites= 19 E= 9.6e-012 
 0.000000  0.315789  0.473684  0.210526 
 0.421053  0.157895  0.157895  0.263158 
 0.000000  0.631579  0.210526  0.157895 
 0.157895  0.157895  0.000000  0.684211 
 0.000000  0.368421  0.473684  0.157895 
 0.000000  0.631579  0.105263  0.263158 
 0.684211  0.052632  0.052632  0.210526 
 0.105263  0.315789  0.578947  0.000000 
 0.105263  0.526316  0.052632  0.315789 
 0.000000  1.000000  0.000000  0.000000 
 0.157895  0.263158  0.105263  0.473684 
 0.052632  0.421053  0.368421  0.157895 
 0.421053  0.157895  0.421053  0.000000 
 0.210526  0.105263  0.684211  0.000000 
 0.052632  0.894737  0.052632  0.000000 
--------------------------------------------------------------------------------

--------------------------------------------------------------------------------
	Motif SWCTSCASYCYSRGC MEME-1 regular expression
--------------------------------------------------------------------------------
[GCT][AT][CG]T[GC][CT][AT][GC][CT]C[TC][CG][AG][GA]C
--------------------------------------------------------------------------------




Time  6.04 secs.

********************************************************************************


********************************************************************************
MOTIF YAWRAWCCCASRRGG MEME-2	width =  15  sites =  13  llr = 149  E-value = 3.5e+000
********************************************************************************
--------------------------------------------------------------------------------
	Motif YAWRAWCCCASRRGG MEME-2 Description
--------------------------------------------------------------------------------
Simplified        A  :7245521:81652:
pos.-specific     C  5:212:56923:::2
probability       G  ::1512221:64588
matrix            T  535:2311::::1::

         bits    3.0                
                 2.7         *      
                 2.4         *      
                 2.1         *     *
Relative         1.8         *    **
Entropy          1.5         * *  **
(16.5 bits)      1.2 *  *   ***** **
                 0.9 *  *  *********
                 0.6 ** *  *********
                 0.3 ** * **********
                 0.0 ---------------

Multilevel           CATGAACCCAGAAGG
consensus            TTAATTAG  CGGAC
sequence               C            
                                    
--------------------------------------------------------------------------------

--------------------------------------------------------------------------------
	Motif YAWRAWCCCASRRGG MEME-2 sites sorted by position p-value
--------------------------------------------------------------------------------
Sequence name            Strand  Start   P-value                 Site    
-------------            ------  ----- ---------            ---------------
33304                        +      4  2.08e-09        TCG CTTGAACCCAGGAGG CAG       
33268                        +      2  2.08e-09          C CATGAAGCCAGAGGG TTTTG     
33305                        +      1  8.65e-07          . CACACACACACAGGG AACTCC    
33104                        -      1  1.41e-06     GAATCA TTTGAACTCAGGAGG           
33415                        -      7  2.06e-06          . CTCACACCCAGGAAC ATGAAT    
33471                        +      3  2.48e-06         GA TACAATCGCCCAAGG GTAA      
33534                        +      7  3.52e-06     CAACAG TAAAATGCCCCAGGG           
33358                        +      6  3.52e-06      AGATA CATGTGACCAGGTGC G         
33274                        -      6  3.52e-06          G TATGAAAGGAGAGGG TGTGT     
33252                        +      7  5.79e-06     TCTGAC CATGTGAGCACAGAG           
33451                        +      2  6.26e-06          A TTGCTTCCCAGAAGG GTTGT     
33299                        +      4  9.94e-06        AAT CAAAAATCCAAGGGG ATT       
33501                        +      1  1.15e-05          . TAAGGTCCCAGAAAC ATTAAA    
--------------------------------------------------------------------------------

--------------------------------------------------------------------------------
	Motif YAWRAWCCCASRRGG MEME-2 block diagrams
--------------------------------------------------------------------------------
SEQUENCE NAME            POSITION P-VALUE  MOTIF DIAGRAM
-------------            ----------------  -------------
33304                             2.1e-09  3_[+2]_3
33268                             2.1e-09  1_[+2]_5
33305                             8.6e-07  [+2]_6
33104                             1.4e-06  [-2]_6
33415                             2.1e-06  6_[-2]
33471                             2.5e-06  2_[+2]_4
33534                             3.5e-06  6_[+2]
33358                             3.5e-06  5_[+2]_1
33274                             3.5e-06  5_[-2]_1
33252                             5.8e-06  6_[+2]
33451                             6.3e-06  1_[+2]_5
33299                             9.9e-06  3_[+2]_3
33501                             1.1e-05  [+2]_6
--------------------------------------------------------------------------------

--------------------------------------------------------------------------------
	Motif YAWRAWCCCASRRGG MEME-2 in BLOCKS format
--------------------------------------------------------------------------------
BL   MOTIF YAWRAWCCCASRRGG width=15 seqs=13
33304                    (    4) CTTGAACCCAGGAGG  1 
33268                    (    2) CATGAAGCCAGAGGG  1 
33305                    (    1) CACACACACACAGGG  1 
33104                    (    1) TTTGAACTCAGGAGG  1 
33415                    (    7) CTCACACCCAGGAAC  1 
33471                    (    3) TACAATCGCCCAAGG  1 
33534                    (    7) TAAAATGCCCCAGGG  1 
33358                    (    6) CATGTGACCAGGTGC  1 
33274                    (    6) TATGAAAGGAGAGGG  1 
33252                    (    7) CATGTGAGCACAGAG  1 
33451                    (    2) TTGCTTCCCAGAAGG  1 
33299                    (    4) CAAAAATCCAAGGGG  1 
33501                    (    1) TAAGGTCCCAGAAAC  1 
//

--------------------------------------------------------------------------------

--------------------------------------------------------------------------------
	Motif YAWRAWCCCASRRGG MEME-2 position-specific scoring matrix
--------------------------------------------------------------------------------
log-odds matrix: alength= 4 w= 15 n= 3822 bayes= 9.36187 E= 3.5e+000 
 -1035    206  -1035     31 
    90  -1035  -1035    -27 
   -68     84    -74     31 
     5    -74    206  -1035 
    54     26    -74    -68 
    54  -1035     26    -27 
   -68    206     26   -227 
  -227    225     84   -227 
 -1035    284    -74  -1035 
   119     26  -1035  -1035 
  -227    126    225  -1035 
    73  -1035    158  -1035 
    31  -1035    184   -227 
   -68  -1035    258  -1035 
 -1035     84    258  -1035 
--------------------------------------------------------------------------------

--------------------------------------------------------------------------------
	Motif YAWRAWCCCASRRGG MEME-2 position-specific probability matrix
--------------------------------------------------------------------------------
letter-probability matrix: alength= 4 w= 15 nsites= 13 E= 3.5e+000 
 0.000000  0.538462  0.000000  0.461538 
 0.692308  0.000000  0.000000  0.307692 
 0.230769  0.230769  0.076923  0.461538 
 0.384615  0.076923  0.538462  0.000000 
 0.538462  0.153846  0.076923  0.230769 
 0.538462  0.000000  0.153846  0.307692 
 0.230769  0.538462  0.153846  0.076923 
 0.076923  0.615385  0.230769  0.076923 
 0.000000  0.923077  0.076923  0.000000 
 0.846154  0.153846  0.000000  0.000000 
 0.076923  0.307692  0.615385  0.000000 
 0.615385  0.000000  0.384615  0.000000 
 0.461538  0.000000  0.461538  0.076923 
 0.230769  0.000000  0.769231  0.000000 
 0.000000  0.230769  0.769231  0.000000 
--------------------------------------------------------------------------------

--------------------------------------------------------------------------------
	Motif YAWRAWCCCASRRGG MEME-2 regular expression
--------------------------------------------------------------------------------
[CT][AT][TAC][GA][AT][AT][CA][CG]CA[GC][AG][AG][GA][GC]
--------------------------------------------------------------------------------




Time  8.06 secs.

********************************************************************************


********************************************************************************
MOTIF GYWCAATCCMTTCWC MEME-3	width =  15  sites =   9  llr = 120  E-value = 1.8e+001
********************************************************************************
--------------------------------------------------------------------------------
	Motif GYWCAATCCMTTCWC MEME-3 Description
--------------------------------------------------------------------------------
Simplified        A  ::7288:2:6:::4:
pos.-specific     C  :4:8:12664:19:a
probability       G  a:::2:212:32:::
matrix            T  :63::1612:7716:

         bits    3.0 *             *
                 2.7 *             *
                 2.4 *           * *
                 2.1 *           * *
Relative         1.8 *  *        * *
Entropy          1.5 *  *        * *
(19.2 bits)      1.2 ** *    **  * *
                 0.9 ** **  **** * *
                 0.6 ************* *
                 0.3 ***************
                 0.0 ---------------

Multilevel           GTACAATCCATTCTC
consensus             CTAG CAGCGG A 
sequence                   G T      
                                    
--------------------------------------------------------------------------------

--------------------------------------------------------------------------------
	Motif GYWCAATCCMTTCWC MEME-3 sites sorted by position p-value
--------------------------------------------------------------------------------
Sequence name            Strand  Start   P-value                 Site    
-------------            ------  ----- ---------            ---------------
33394                        -      2  3.19e-08      TCCCT GCACATTCCCTTCAC A         
33112                        +      2  5.88e-08          G GTACGATCTCGGCTC ACTGA     
33338                        +      1  1.17e-07          . GTTCAAGCGATTCTC CTGTCT    
33231                        +      5  1.17e-07       CCAG GTTCAAGCGATTCTC CT        
33536                        -      6  2.02e-07          G GCACGATCCCTTTAC ATAAA     
33355                        +      6  4.23e-07      TCATA GCTCACTGCAGCCTC A         
33452                        +      7  4.65e-07     ACAAAA GCAAAACTCCGTCTC           
33406                        -      2  1.46e-06      GTGTA GTACAACATATGCAC A         
33432                        +      5  2.18e-06       ATCC GTAAAATACATTCAC CA        
--------------------------------------------------------------------------------

--------------------------------------------------------------------------------
	Motif GYWCAATCCMTTCWC MEME-3 block diagrams
--------------------------------------------------------------------------------
SEQUENCE NAME            POSITION P-VALUE  MOTIF DIAGRAM
-------------            ----------------  -------------
33394                             3.2e-08  1_[-3]_5
33112                             5.9e-08  1_[+3]_5
33338                             1.2e-07  [+3]_6
33231                             1.2e-07  4_[+3]_2
33536                               2e-07  5_[-3]_1
33355                             4.2e-07  5_[+3]_1
33452                             4.7e-07  6_[+3]
33406                             1.5e-06  1_[-3]_5
33432                             2.2e-06  4_[+3]_2
--------------------------------------------------------------------------------

--------------------------------------------------------------------------------
	Motif GYWCAATCCMTTCWC MEME-3 in BLOCKS format
--------------------------------------------------------------------------------
BL   MOTIF GYWCAATCCMTTCWC width=15 seqs=9
33394                    (    2) GCACATTCCCTTCAC  1 
33112                    (    2) GTACGATCTCGGCTC  1 
33338                    (    1) GTTCAAGCGATTCTC  1 
33231                    (    5) GTTCAAGCGATTCTC  1 
33536                    (    6) GCACGATCCCTTTAC  1 
33355                    (    6) GCTCACTGCAGCCTC  1 
33452                    (    7) GCAAAACTCCGTCTC  1 
33406                    (    2) GTACAACATATGCAC  1 
33432                    (    5) GTAAAATACATTCAC  1 
//

--------------------------------------------------------------------------------

--------------------------------------------------------------------------------
	Motif GYWCAATCCMTTCWC MEME-3 position-specific scoring matrix
--------------------------------------------------------------------------------
log-odds matrix: alength= 4 w= 15 n= 3822 bayes= 10.1333 E= 1.8e+001 
  -982   -982    295   -982 
  -982    179   -982     58 
    84   -982   -982    -15 
   -74    259   -982   -982 
   107   -982     79   -982 
   107    -21   -982   -174 
  -982     79     79     58 
   -74    211    -21   -174 
  -982    211     79    -74 
    58    179   -982   -982 
  -982   -982    137     84 
  -982    -21     79     84 
  -982    278   -982   -174 
    26   -982   -982     58 
  -982    295   -982   -982 
--------------------------------------------------------------------------------

--------------------------------------------------------------------------------
	Motif GYWCAATCCMTTCWC MEME-3 position-specific probability matrix
--------------------------------------------------------------------------------
letter-probability matrix: alength= 4 w= 15 nsites= 9 E= 1.8e+001 
 0.000000  0.000000  1.000000  0.000000 
 0.000000  0.444444  0.000000  0.555556 
 0.666667  0.000000  0.000000  0.333333 
 0.222222  0.777778  0.000000  0.000000 
 0.777778  0.000000  0.222222  0.000000 
 0.777778  0.111111  0.000000  0.111111 
 0.000000  0.222222  0.222222  0.555556 
 0.222222  0.555556  0.111111  0.111111 
 0.000000  0.555556  0.222222  0.222222 
 0.555556  0.444444  0.000000  0.000000 
 0.000000  0.000000  0.333333  0.666667 
 0.000000  0.111111  0.222222  0.666667 
 0.000000  0.888889  0.000000  0.111111 
 0.444444  0.000000  0.000000  0.555556 
 0.000000  1.000000  0.000000  0.000000 
--------------------------------------------------------------------------------

--------------------------------------------------------------------------------
	Motif GYWCAATCCMTTCWC MEME-3 regular expression
--------------------------------------------------------------------------------
G[TC][AT][CA][AG]A[TCG][CA][CGT][AC][TG][TG]C[TA]C
--------------------------------------------------------------------------------




Time 10.02 secs.

********************************************************************************


********************************************************************************
MOTIF RACWGRGMMTYMYTY MEME-4	width =  15  sites =  11  llr = 133  E-value = 1.4e+002
********************************************************************************
--------------------------------------------------------------------------------
	Motif RACWGRGMMTYMYTY MEME-4 Description
--------------------------------------------------------------------------------
Simplified        A  58:5:53351:4::2
pos.-specific     C  :17:::155256625
probability       G  5:::a561:21::::
matrix            T  :135:::1:54:484

         bits    3.0     *          
                 2.7     *          
                 2.4     *          
                 2.1     *          
Relative         1.8   * *          
Entropy          1.5   * *      **  
(17.5 bits)      1.2 * * *** * ***  
                 0.9 * * ***** **** 
                 0.6 *** ***** *****
                 0.3 ***************
                 0.0 ---------------

Multilevel           GACAGGGCATCCCTC
consensus            A TT AAAC TAT T
sequence                            
                                    
--------------------------------------------------------------------------------

--------------------------------------------------------------------------------
	Motif RACWGRGMMTYMYTY MEME-4 sites sorted by position p-value
--------------------------------------------------------------------------------
Sequence name            Strand  Start   P-value                 Site    
-------------            ------  ----- ---------            ---------------
33384                        +      5  2.09e-09       TTGA GACAGAGCCTCACTC TG        
33367                        -      4  1.78e-07        AAT GTCAGGACCTCCTTC TAT       
33046                        +      5  1.78e-07       TAGC AACTGAGCCTTCCCT TC        
33352                        -      3  3.44e-07       AATA AACTGGACAGCCTCC AA        
33398                        -      4  4.23e-07        AAA GACAGGCACGTCCTT CAG       
33333                        -      1  9.61e-07     CTGGGT GACAGAGCAAGACTC           
33040                        +      5  1.06e-06       GAAA AATAGGGAACTCCTC AA        
33287                        +      3  3.08e-06         TT GCCTGGGGATCATTT TCCT      
33087                        -      3  4.68e-06       TATA AACAGAAAATCCCTA GA        
33091                        -      7  5.89e-06          . GATTGAGTACCCCTA TAACCA    
33511                        -      4  7.36e-06        TTT AATTGGGCCTTATTT TAA       
--------------------------------------------------------------------------------

--------------------------------------------------------------------------------
	Motif RACWGRGMMTYMYTY MEME-4 block diagrams
--------------------------------------------------------------------------------
SEQUENCE NAME            POSITION P-VALUE  MOTIF DIAGRAM
-------------            ----------------  -------------
33384                             2.1e-09  4_[+4]_2
33367                             1.8e-07  3_[-4]_3
33046                             1.8e-07  4_[+4]_2
33352                             3.4e-07  2_[-4]_4
33398                             4.2e-07  3_[-4]_3
33333                             9.6e-07  [-4]_6
33040                             1.1e-06  4_[+4]_2
33287                             3.1e-06  2_[+4]_4
33087                             4.7e-06  2_[-4]_4
33091                             5.9e-06  6_[-4]
33511                             7.4e-06  3_[-4]_3
--------------------------------------------------------------------------------

--------------------------------------------------------------------------------
	Motif RACWGRGMMTYMYTY MEME-4 in BLOCKS format
--------------------------------------------------------------------------------
BL   MOTIF RACWGRGMMTYMYTY width=15 seqs=11
33384                    (    5) GACAGAGCCTCACTC  1 
33367                    (    4) GTCAGGACCTCCTTC  1 
33046                    (    5) AACTGAGCCTTCCCT  1 
33352                    (    3) AACTGGACAGCCTCC  1 
33398                    (    4) GACAGGCACGTCCTT  1 
33333                    (    1) GACAGAGCAAGACTC  1 
33040                    (    5) AATAGGGAACTCCTC  1 
33287                    (    3) GCCTGGGGATCATTT  1 
33087                    (    3) AACAGAAAATCCCTA  1 
33091                    (    7) GATTGAGTACCCCTA  1 
33511                    (    4) AATTGGGCCTTATTT  1 
//

--------------------------------------------------------------------------------

--------------------------------------------------------------------------------
	Motif RACWGRGMMTYMYTY MEME-4 position-specific scoring matrix
--------------------------------------------------------------------------------
log-odds matrix: alength= 4 w= 15 n= 3822 bayes= 9.97268 E= 1.4e+002 
    29  -1010    208  -1010 
   114    -50  -1010   -203 
 -1010    250  -1010    -44 
    56  -1010  -1010     29 
 -1010  -1010    296  -1010 
    29  -1010    208  -1010 
   -44    -50    230  -1010 
   -44    208    -50   -203 
    56    182  -1010  -1010 
  -203     50     50     56 
 -1010    208    -50     -3 
    -3    230  -1010  -1010 
 -1010    230  -1010     -3 
 -1010     50  -1010    114 
  -103    182  -1010     -3 
--------------------------------------------------------------------------------

--------------------------------------------------------------------------------
	Motif RACWGRGMMTYMYTY MEME-4 position-specific probability matrix
--------------------------------------------------------------------------------
letter-probability matrix: alength= 4 w= 15 nsites= 11 E= 1.4e+002 
 0.454545  0.000000  0.545455  0.000000 
 0.818182  0.090909  0.000000  0.090909 
 0.000000  0.727273  0.000000  0.272727 
 0.545455  0.000000  0.000000  0.454545 
 0.000000  0.000000  1.000000  0.000000 
 0.454545  0.000000  0.545455  0.000000 
 0.272727  0.090909  0.636364  0.000000 
 0.272727  0.545455  0.090909  0.090909 
 0.545455  0.454545  0.000000  0.000000 
 0.090909  0.181818  0.181818  0.545455 
 0.000000  0.545455  0.090909  0.363636 
 0.363636  0.636364  0.000000  0.000000 
 0.000000  0.636364  0.000000  0.363636 
 0.000000  0.181818  0.000000  0.818182 
 0.181818  0.454545  0.000000  0.363636 
--------------------------------------------------------------------------------

--------------------------------------------------------------------------------
	Motif RACWGRGMMTYMYTY MEME-4 regular expression
--------------------------------------------------------------------------------
[GA]A[CT][AT]G[GA][GA][CA][AC]T[CT][CA][CT]T[CT]
--------------------------------------------------------------------------------




Time 11.92 secs.

********************************************************************************


********************************************************************************
MOTIF GTGWYTGGKGA MEME-5	width =  11  sites =   4  llr = 59  E-value = 8.1e+003
********************************************************************************
--------------------------------------------------------------------------------
	Motif GTGWYTGGKGA MEME-5 Description
--------------------------------------------------------------------------------
Simplified        A  :::5::::::a
pos.-specific     C  ::::5::::::
probability       G  a3a:::aa5a:
matrix            T  :8:55a::5::

         bits    3.0 * *   ** * 
                 2.7 * *   ** * 
                 2.4 * *   ** * 
                 2.1 * *   ** * 
Relative         1.8 * *   ** * 
Entropy          1.5 * *  *** **
(21.5 bits)      1.2 * * *******
                 0.9 *** *******
                 0.6 *** *******
                 0.3 ***********
                 0.0 -----------

Multilevel           GTGACTGGGGA
consensus             G TT   T  
sequence                        
                                
--------------------------------------------------------------------------------

--------------------------------------------------------------------------------
	Motif GTGWYTGGKGA MEME-5 sites sorted by position p-value
--------------------------------------------------------------------------------
Sequence name            Strand  Start   P-value               Site  
-------------            ------  ----- ---------            -----------
33507                        +      2  3.04e-08          T GTGTCTGGGGA AAGCCAGTG 
33320                        +      1  2.05e-07          . GTGTCTGGTGA AGAAGGCTCA
33243                        +      1  2.05e-07          . GTGATTGGGGA AAAAATGAAG
33037                        +      9  4.56e-07   AATCTGAT GGGATTGGTGA TG        
--------------------------------------------------------------------------------

--------------------------------------------------------------------------------
	Motif GTGWYTGGKGA MEME-5 block diagrams
--------------------------------------------------------------------------------
SEQUENCE NAME            POSITION P-VALUE  MOTIF DIAGRAM
-------------            ----------------  -------------
33507                               3e-08  1_[+5]_9
33320                               2e-07  [+5]_10
33243                               2e-07  [+5]_10
33037                             4.6e-07  8_[+5]_2
--------------------------------------------------------------------------------

--------------------------------------------------------------------------------
	Motif GTGWYTGGKGA MEME-5 in BLOCKS format
--------------------------------------------------------------------------------
BL   MOTIF GTGWYTGGKGA width=11 seqs=4
33507                    (    2) GTGTCTGGGGA  1 
33320                    (    1) GTGTCTGGTGA  1 
33243                    (    1) GTGATTGGGGA  1 
33037                    (    9) GGGATTGGTGA  1 
//

--------------------------------------------------------------------------------

--------------------------------------------------------------------------------
	Motif GTGWYTGGKGA MEME-5 position-specific scoring matrix
--------------------------------------------------------------------------------
log-odds matrix: alength= 4 w= 11 n= 6006 bayes= 11.2886 E= 8.1e+003 
  -865   -865    295   -865 
  -865   -865     95    101 
  -865   -865    295   -865 
    43   -865   -865     43 
  -865    195   -865     43 
  -865   -865   -865    143 
  -865   -865    295   -865 
  -865   -865    295   -865 
  -865   -865    195     43 
  -865   -865    295   -865 
   143   -865   -865   -865 
--------------------------------------------------------------------------------

--------------------------------------------------------------------------------
	Motif GTGWYTGGKGA MEME-5 position-specific probability matrix
--------------------------------------------------------------------------------
letter-probability matrix: alength= 4 w= 11 nsites= 4 E= 8.1e+003 
 0.000000  0.000000  1.000000  0.000000 
 0.000000  0.000000  0.250000  0.750000 
 0.000000  0.000000  1.000000  0.000000 
 0.500000  0.000000  0.000000  0.500000 
 0.000000  0.500000  0.000000  0.500000 
 0.000000  0.000000  0.000000  1.000000 
 0.000000  0.000000  1.000000  0.000000 
 0.000000  0.000000  1.000000  0.000000 
 0.000000  0.000000  0.500000  0.500000 
 0.000000  0.000000  1.000000  0.000000 
 1.000000  0.000000  0.000000  0.000000 
--------------------------------------------------------------------------------

--------------------------------------------------------------------------------
	Motif GTGWYTGGKGA MEME-5 regular expression
--------------------------------------------------------------------------------
G[TG]G[AT][CT]TGG[GT]GA
--------------------------------------------------------------------------------




Time 13.82 secs.

********************************************************************************


********************************************************************************
MOTIF KGSWACWTDTGCAG MEME-6	width =  14  sites =   5  llr = 73  E-value = 9.1e+003
********************************************************************************
--------------------------------------------------------------------------------
	Motif KGSWACWTDTGCAG MEME-6 Description
--------------------------------------------------------------------------------
Simplified        A  :::4a:4:2::2a:
pos.-specific     C  :24::a::::28:2
probability       G  686:::::4:8::6
matrix            T  4::6::6a4a:::2

         bits    3.0      *        
                 2.7      *        
                 2.4  *   *    *   
                 2.1  **  *    **  
Relative         1.8  **  *    **  
Entropy          1.5 *** ** * **** 
(21.1 bits)      1.2 *** ** * *****
                 0.9 *** ** * *****
                 0.6 **************
                 0.3 **************
                 0.0 --------------

Multilevel           GGGTACTTGTGCAG
consensus            TCCA  A T CA C
sequence                     A    T
                                   
--------------------------------------------------------------------------------

--------------------------------------------------------------------------------
	Motif KGSWACWTDTGCAG MEME-6 sites sorted by position p-value
--------------------------------------------------------------------------------
Sequence name            Strand  Start   P-value                 Site   
-------------            ------  ----- ---------            --------------
33450                        +      4  5.68e-09        TTA GGGTACATGTGCAC AACG      
33410                        +      8  1.15e-08    TTCAATA TGGAACTTGTGCAG           
33064                        +      7  1.52e-07     TGCATA TGCTACATATGCAG A         
33049                        +      6  3.43e-07      TTGAT GGGAACTTTTCCAT TG        
33500                        +      5  4.00e-07       ATTT GCCTACTTTTGAAG ATT       
--------------------------------------------------------------------------------

--------------------------------------------------------------------------------
	Motif KGSWACWTDTGCAG MEME-6 block diagrams
--------------------------------------------------------------------------------
SEQUENCE NAME            POSITION P-VALUE  MOTIF DIAGRAM
-------------            ----------------  -------------
33450                             5.7e-09  3_[+6]_4
33410                             1.2e-08  7_[+6]
33064                             1.5e-07  6_[+6]_1
33049                             3.4e-07  5_[+6]_2
33500                               4e-07  4_[+6]_3
--------------------------------------------------------------------------------

--------------------------------------------------------------------------------
	Motif KGSWACWTDTGCAG MEME-6 in BLOCKS format
--------------------------------------------------------------------------------
BL   MOTIF KGSWACWTDTGCAG width=14 seqs=5
33450                    (    4) GGGTACATGTGCAC  1 
33410                    (    8) TGGAACTTGTGCAG  1 
33064                    (    7) TGCTACATATGCAG  1 
33049                    (    6) GGGAACTTTTCCAT  1 
33500                    (    5) GCCTACTTTTGAAG  1 
//

--------------------------------------------------------------------------------

--------------------------------------------------------------------------------
	Motif KGSWACWTDTGCAG MEME-6 position-specific scoring matrix
--------------------------------------------------------------------------------
log-odds matrix: alength= 4 w= 14 n= 4368 bayes= 10.7134 E= 9.1e+003 
  -897   -897    222     11 
  -897     63    263   -897 
  -897    163    222   -897 
    11   -897   -897     69 
   143   -897   -897   -897 
  -897    295   -897   -897 
    11   -897   -897     69 
  -897   -897   -897    143 
   -89   -897    163     11 
  -897   -897   -897    143 
  -897     63    263   -897 
   -89    263   -897   -897 
   143   -897   -897   -897 
  -897     63    222    -89 
--------------------------------------------------------------------------------

--------------------------------------------------------------------------------
	Motif KGSWACWTDTGCAG MEME-6 position-specific probability matrix
--------------------------------------------------------------------------------
letter-probability matrix: alength= 4 w= 14 nsites= 5 E= 9.1e+003 
 0.000000  0.000000  0.600000  0.400000 
 0.000000  0.200000  0.800000  0.000000 
 0.000000  0.400000  0.600000  0.000000 
 0.400000  0.000000  0.000000  0.600000 
 1.000000  0.000000  0.000000  0.000000 
 0.000000  1.000000  0.000000  0.000000 
 0.400000  0.000000  0.000000  0.600000 
 0.000000  0.000000  0.000000  1.000000 
 0.200000  0.000000  0.400000  0.400000 
 0.000000  0.000000  0.000000  1.000000 
 0.000000  0.200000  0.800000  0.000000 
 0.200000  0.800000  0.000000  0.000000 
 1.000000  0.000000  0.000000  0.000000 
 0.000000  0.200000  0.600000  0.200000 
--------------------------------------------------------------------------------

--------------------------------------------------------------------------------
	Motif KGSWACWTDTGCAG MEME-6 regular expression
--------------------------------------------------------------------------------
[GT][GC][GC][TA]AC[TA]T[GTA]T[GC][CA]A[GCT]
--------------------------------------------------------------------------------




Time 15.68 secs.

********************************************************************************


********************************************************************************
SUMMARY OF MOTIFS
********************************************************************************

--------------------------------------------------------------------------------
	Combined block diagrams: non-overlapping sites with p-value < 0.0001
--------------------------------------------------------------------------------
SEQUENCE NAME            COMBINED P-VALUE  MOTIF DIAGRAM
-------------            ----------------  -------------
33028                            9.91e-01  21
33029                            9.19e-01  21
33030                            8.55e-01  21
33031                            8.65e-01  21
33032                            1.44e-01  21
33033                            2.06e-01  21
33034                            2.72e-04  6_[-1(1.02e-05)]
33035                            6.42e-01  21
33036                            5.27e-01  21
33037                            3.46e-04  8_[+5(4.56e-07)]_2
33038                            9.56e-01  21
33039                            9.64e-01  21
33040                            4.24e-03  4_[+4(1.06e-06)]_2
33041                            7.76e-01  21
33042                            3.73e-02  21
33043                            7.94e-01  21
33044                            3.09e-01  21
33045                            6.99e-01  21
33046                            8.45e-06  4_[+4(1.78e-07)]_2
33047                            4.66e-02  21
33048                            9.99e-01  21
33049                            3.04e-04  5_[+6(3.43e-07)]_2
33050                            9.99e-01  21
33051                            1.07e-01  21
33052                            8.96e-01  21
33053                            5.77e-01  21
33054                            9.96e-01  21
33055                            1.16e-01  21
33056                            5.73e-01  21
33057                            7.49e-01  21
33058                            1.00e+00  21
33059                            5.25e-02  21
33060                            4.31e-03  21
33061                            6.54e-01  21
33062                            9.27e-01  21
33063                            6.34e-01  21
33064                            1.74e-03  6_[+6(1.52e-07)]_1
33065                            2.61e-02  21
33066                            3.05e-01  21
33067                            1.82e-01  21
33068                            8.84e-01  21
33069                            4.97e-01  21
33070                            6.96e-01  21
33071                            9.75e-01  21
33072                            9.97e-01  21
33073                            3.26e-05  3_[-1(6.28e-06)]_3
33074                            9.93e-01  21
33075                            9.87e-01  21
33076                            2.63e-01  21
33077                            6.15e-01  21
33078                            2.43e-02  21
33079                            7.56e-01  21
33080                            4.47e-01  21
33081                            1.38e-01  21
33082                            6.98e-06  1_[+1(2.37e-06)]_5
33083                            8.41e-01  21
33084                            2.11e-01  21
33085                            3.78e-01  21
33086                            3.41e-01  21
33087                            3.17e-03  2_[-4(4.68e-06)]_4
33088                            1.95e-01  21
33089                            1.03e-01  21
33090                            6.21e-01  21
33091                            4.29e-05  6_[-4(5.89e-06)]
33092                            6.48e-03  21
33093                            3.93e-01  21
33094                            9.87e-01  21
33095                            2.79e-01  21
33096                            5.00e-03  21
33097                            7.95e-01  21
33098                            9.99e-01  21
33099                            3.05e-01  21
33100                            1.00e+00  21
33101                            9.92e-01  21
33102                            9.87e-01  21
33103                            2.86e-01  21
33104                            8.96e-04  [-2(1.41e-06)]_6
33105                            9.34e-01  21
33106                            3.25e-01  21
33107                            4.07e-01  21
33108                            1.64e-01  21
33109                            1.49e-01  21
33110                            5.63e-01  21
33111                            9.12e-01  21
33112                            4.44e-05  1_[+3(5.88e-08)]_5
33113                            6.31e-05  3_[+1(1.96e-06)]_3
33114                            6.87e-01  21
33115                            9.94e-01  21
33116                            9.85e-01  21
33117                            1.81e-02  21
33118                            9.80e-01  21
33119                            5.05e-01  21
33120                            7.23e-01  21
33121                            7.99e-01  21
33122                            6.58e-01  21
33123                            7.39e-02  21
33124                            2.86e-01  21
33125                            4.79e-01  21
33126                            9.03e-01  21
33127                            6.51e-01  21
33128                            4.70e-01  21
33129                            7.72e-01  21
33130                            6.94e-01  21
33131                            8.09e-01  21
33132                            1.37e-01  21
33133                            4.21e-01  21
33134                            1.63e-01  21
33135                            2.38e-01  21
33136                            1.12e-01  21
33137                            8.57e-01  21
33138                            6.26e-01  21
33139                            3.86e-01  21
33140                            6.47e-01  21
33141                            1.00e+00  21
33142                            5.56e-01  21
33143                            6.96e-01  21
33144                            2.15e-01  21
33145                            1.21e-01  21
33146                            3.70e-01  21
33147                            4.20e-01  21
33148                            9.06e-01  21
33149                            1.83e-01  21
33150                            9.81e-01  21
33151                            1.34e-01  21
33152                            1.59e-01  21
33153                            5.10e-01  21
33154                            1.61e-01  21
33155                            9.94e-01  21
33156                            3.25e-01  21
33157                            9.26e-01  21
33158                            9.96e-01  21
33159                            2.63e-01  21
33160                            9.93e-01  21
33161                            9.99e-01  21
33162                            1.00e+00  21
33163                            7.38e-01  21
33164                            9.27e-01  21
33165                            9.95e-01  21
33166                            5.20e-02  21
33167                            7.58e-01  21
33168                            9.98e-01  21
33169                            5.85e-01  21
33170                            7.98e-01  21
33171                            9.55e-01  21
33172                            9.97e-01  21
33173                            3.18e-01  21
33174                            9.05e-01  21
33175                            6.27e-01  21
33176                            9.65e-01  21
33177                            9.98e-01  21
33178                            5.18e-01  21
33179                            6.97e-02  21
33180                            9.95e-01  21
33181                            9.78e-01  21
33182                            7.33e-01  21
33183                            1.00e+00  21
33184                            7.55e-02  21
33185                            7.15e-01  21
33186                            3.05e-01  21
33187                            6.79e-01  21
33188                            6.90e-01  21
33189                            2.09e-02  21
33190                            2.89e-01  21
33191                            2.39e-04  2_[+1(8.71e-06)]_4
33192                            9.37e-01  21
33193                            6.69e-01  21
33194                            6.73e-01  21
33195                            6.66e-01  21
33196                            4.71e-01  21
33197                            3.70e-05  [+1(2.85e-06)]_6
33198                            9.41e-01  21
33199                            2.91e-01  21
33200                            9.50e-01  21
33201                            8.92e-01  21
33202                            6.53e-01  21
33203                            4.81e-01  21
33204                            9.55e-01  21
33205                            3.03e-01  21
33206                            9.99e-01  21
33207                            3.19e-01  21
33208                            8.68e-01  21
33209                            9.90e-01  21
33210                            9.33e-01  21
33211                            9.98e-01  21
33212                            9.99e-01  21
33213                            6.65e-01  21
33214                            6.23e-01  21
33215                            9.45e-01  21
33216                            9.97e-01  21
33217                            2.57e-01  21
33218                            9.94e-01  21
33219                            8.26e-01  21
33220                            6.20e-01  21
33221                            8.39e-01  21
33222                            5.30e-01  21
33223                            5.08e-02  21
33224                            4.17e-01  21
33225                            6.60e-01  21
33226                            2.20e-01  21
33227                            7.89e-01  21
33228                            7.26e-01  21
33229                            6.65e-01  21
33230                            9.86e-01  21
33231                            4.43e-05  4_[+3(1.17e-07)]_2
33232                            9.62e-01  21
33233                            7.15e-01  21
33234                            9.77e-01  21
33235                            9.97e-01  21
33236                            7.09e-01  21
33237                            3.11e-01  21
33238                            1.20e-01  21
33239                            9.82e-01  21
33240                            5.31e-02  21
33241                            1.92e-01  21
33242                            9.16e-01  21
33243                            7.01e-06  [+5(2.05e-07)]_10
33244                            1.19e-01  21
33245                            1.00e+00  21
33246                            9.23e-01  21
33247                            5.71e-01  21
33248                            2.24e-01  21
33249                            3.18e-03  3_[-6(2.72e-05)]_4
33250                            1.00e+00  21
33251                            4.18e-01  21
33252                            7.35e-04  6_[+2(5.79e-06)]
33253                            6.69e-01  21
33254                            9.88e-01  21
33255                            9.91e-01  21
33256                            1.00e+00  21
33257                            6.44e-01  21
33258                            9.97e-01  21
33259                            4.37e-05  2_[+1(6.49e-07)]_4
33260                            9.81e-01  21
33261                            8.32e-01  21
33262                            3.40e-01  21
33263                            2.62e-01  21
33264                            1.86e-01  21
33265                            6.60e-01  21
33266                            9.97e-01  21
33267                            8.57e-01  21
33268                            3.00e-05  1_[+2(2.08e-09)]_5
33269                            1.17e-01  21
33270                            8.18e-01  21
33271                            3.79e-01  21
33272                            7.47e-01  21
33273                            9.85e-01  21
33274                            1.36e-04  5_[-2(3.52e-06)]_1
33275                            9.97e-01  21
33276                            4.50e-01  21
33277                            5.77e-01  21
33278                            8.47e-01  21
33279                            1.00e+00  21
33280                            9.07e-01  21
33281                            9.35e-01  21
33282                            9.14e-01  21
33283                            2.76e-01  21
33284                            2.82e-02  21
33285                            9.53e-01  21
33286                            6.30e-01  21
33287                            6.85e-07  2_[+4(3.08e-06)]_4
33288                            4.78e-02  21
33289                            4.84e-01  21
33290                            9.39e-01  21
33291                            6.60e-01  21
33292                            6.09e-01  21
33293                            1.65e-01  21
33294                            9.25e-01  21
33295                            5.51e-01  21
33296                            9.49e-01  21
33297                            5.09e-01  21
33298                            7.23e-01  21
33299                            7.72e-03  3_[+2(9.94e-06)]_3
33300                            8.93e-01  21
33301                            8.25e-01  21
33302                            1.00e+00  21
33303                            4.53e-02  21
33304                            2.33e-07  3_[+2(2.08e-09)]_3
33305                            2.13e-03  [+2(8.65e-07)]_6
33306                            6.42e-07  1_[+1(6.75e-09)]_5
33307                            9.46e-01  21
33308                            5.65e-02  21
33309                            2.26e-01  21
33310                            3.46e-01  21
33311                            5.67e-01  21
33312                            9.78e-01  21
33313                            2.03e-01  21
33314                            6.63e-02  21
33315                            6.34e-01  21
33316                            8.30e-01  21
33317                            5.89e-01  21
33318                            8.93e-02  21
33319                            9.04e-01  21
33320                            1.57e-06  [+5(2.05e-07)]_10
33321                            9.97e-01  21
33322                            8.72e-01  21
33323                            5.54e-01  21
33324                            2.04e-01  21
33325                            6.12e-02  21
33326                            8.07e-01  21
33327                            9.54e-01  21
33328                            9.55e-01  21
33329                            9.27e-01  21
33330                            9.92e-01  21
33331                            6.38e-02  21
33332                            9.99e-01  21
33333                            1.09e-06  [-4(9.61e-07)]_6
33334                            8.39e-01  21
33335                            9.60e-01  21
33336                            1.02e-01  21
33337                            8.08e-07  3_[-1(6.89e-08)]_3
33338                            1.65e-05  [+3(1.17e-07)]_6
33339                            8.17e-01  21
33340                            6.32e-01  21
33341                            7.17e-07  [+1(1.55e-10)]_6
33342                            8.23e-01  21
33343                            5.51e-03  21
33344                            9.67e-01  21
33345                            5.11e-01  21
33346                            9.79e-01  21
33347                            2.61e-01  21
33348                            4.53e-01  21
33349                            1.00e+00  21
33350                            6.96e-01  21
33351                            2.82e-02  21
33352                            5.38e-05  2_[-4(3.44e-07)]_4
33353                            6.34e-01  21
33354                            1.00e+00  21
33355                            3.02e-05  5_[+3(4.23e-07)]_1
33356                            6.63e-01  21
33357                            3.64e-01  21
33358                            6.67e-05  5_[+2(3.52e-06)]_1
33359                            8.52e-01  21
33360                            9.68e-01  21
33361                            1.86e-01  21
33362                            1.00e+00  21
33363                            9.96e-01  21
33364                            9.55e-01  21
33365                            9.41e-01  21
33366                            8.96e-01  21
33367                            1.27e-03  3_[-4(1.78e-07)]_3
33368                            8.82e-02  21
33369                            8.38e-03  21
33370                            9.73e-01  21
33371                            9.67e-01  21
33372                            6.94e-02  21
33373                            8.02e-01  21
33374                            9.94e-01  21
33375                            7.84e-01  21
33376                            8.97e-01  21
33377                            1.00e+00  21
33378                            1.63e-01  21
33379                            9.84e-01  21
33380                            6.28e-01  21
33381                            2.74e-01  21
33382                            4.82e-01  21
33383                            9.99e-01  21
33384                            1.01e-06  4_[+4(2.09e-09)]_2
33385                            7.66e-02  21
33386                            8.58e-01  21
33387                            1.31e-01  21
33388                            9.63e-01  21
33389                            4.56e-01  21
33390                            9.86e-01  21
33391                            9.38e-01  21
33392                            9.39e-01  21
33393                            2.91e-01  21
33394                            9.02e-07  1_[-3(3.19e-08)]_5
33395                            3.52e-01  21
33396                            9.98e-01  21
33397                            1.63e-02  2_[+2(6.56e-05)]_4
33398                            1.65e-04  3_[-4(4.23e-07)]_3
33399                            6.15e-05  [-1(1.21e-06)]_6
33400                            4.19e-01  21
33401                            1.17e-01  21
33402                            4.97e-01  21
33403                            3.05e-01  21
33404                            9.98e-01  21
33405                            1.38e-01  21
33406                            6.27e-05  1_[-3(1.46e-06)]_5
33407                            5.56e-02  21
33408                            9.67e-01  21
33409                            3.76e-01  21
33410                            1.24e-05  7_[+6(1.15e-08)]
33411                            9.74e-01  21
33412                            3.14e-04  4_[-1(6.49e-07)]_2
33413                            6.08e-01  21
33414                            1.04e-01  21
33415                            1.15e-03  6_[-2(2.06e-06)]
33416                            1.25e-01  21
33417                            9.24e-01  21
33418                            9.95e-01  21
33419                            9.97e-01  21
33420                            9.92e-01  21
33421                            3.94e-01  21
33422                            2.25e-01  21
33423                            9.95e-01  21
33424                            8.86e-01  21
33425                            9.47e-01  21
33426                            1.16e-02  [+6(8.91e-05)]_7
33427                            7.72e-01  21
33428                            4.12e-01  21
33429                            4.33e-01  21
33430                            6.67e-01  21
33431                            7.76e-01  21
33432                            1.31e-02  4_[+3(2.18e-06)]_2
33433                            9.13e-01  21
33434                            9.82e-01  21
33435                            1.52e-01  21
33436                            1.38e-03  1_[-1(2.60e-06)]_5
33437                            1.62e-01  21
33438                            6.16e-01  21
33439                            1.95e-01  21
33440                            4.51e-02  21
33441                            5.71e-01  21
33442                            2.02e-04  1_[-1(1.62e-05)]_5
33443                            1.50e-01  21
33444                            3.39e-01  21
33445                            6.84e-01  21
33446                            8.41e-01  21
33447                            1.64e-01  21
33448                            8.33e-01  21
33449                            2.78e-02  21
33450                            5.05e-08  3_[+6(5.68e-09)]_4
33451                            7.05e-03  1_[+2(6.26e-06)]_5
33452                            6.04e-04  6_[+3(4.65e-07)]
33453                            7.71e-01  21
33454                            8.58e-01  21
33455                            7.42e-01  21
33456                            1.79e-02  21
33457                            3.11e-01  21
33458                            5.71e-01  21
33459                            1.00e+00  21
33460                            8.33e-02  21
33461                            1.00e+00  21
33462                            9.20e-01  21
33463                            8.59e-01  21
33464                            1.65e-03  5_[+1(2.60e-06)]_1
33465                            9.31e-01  21
33466                            9.69e-01  21
33467                            1.00e+00  21
33468                            9.80e-01  21
33469                            7.91e-01  21
33470                            9.91e-01  21
33471                            5.02e-04  2_[+2(2.48e-06)]_4
33472                            4.57e-02  21
33473                            6.41e-01  21
33474                            6.95e-01  21
33475                            8.73e-01  21
33476                            9.99e-01  21
33477                            6.69e-01  21
33478                            7.63e-01  21
33479                            9.82e-01  21
33480                            9.97e-01  21
33481                            2.63e-01  21
33482                            4.89e-01  21
33483                            6.56e-01  21
33484                            4.82e-01  21
33485                            1.44e-01  21
33486                            9.95e-01  21
33487                            1.11e-02  21
33488                            6.05e-01  21
33489                            1.30e-01  21
33490                            9.79e-01  21
33491                            9.80e-01  21
33492                            9.36e-01  21
33493                            2.58e-01  21
33494                            5.64e-01  21
33495                            2.50e-05  3_[-1(3.13e-06)]_3
33496                            4.87e-01  21
33497                            2.58e-06  [-1(1.47e-07)]_6
33498                            9.81e-01  21
33499                            9.42e-01  21
33500                            1.54e-03  4_[+6(4.00e-07)]_3
33501                            1.41e-03  [+2(1.15e-05)]_6
33502                            4.02e-01  21
33503                            1.23e-01  21
33504                            1.00e+00  21
33505                            8.33e-01  21
33506                            9.86e-01  21
33507                            3.77e-08  1_[+5(3.04e-08)]_9
33508                            2.56e-01  21
33509                            1.27e-01  21
33510                            8.80e-01  21
33511                            2.05e-02  3_[-4(7.36e-06)]_3
33512                            3.81e-01  21
33513                            5.07e-01  21
33514                            9.46e-01  21
33515                            9.97e-01  21
33516                            2.91e-01  21
33517                            2.85e-01  21
33518                            2.43e-02  21
33519                            2.68e-01  21
33520                            7.39e-01  21
33521                            1.80e-02  21
33522                            2.17e-01  21
33523                            6.44e-02  21
33524                            7.82e-01  21
33525                            9.76e-01  21
33526                            4.21e-02  21
33527                            6.03e-02  21
33528                            3.77e-01  21
33529                            9.70e-06  4_[-1(3.13e-06)]_2
33530                            1.14e-01  21
33531                            2.19e-01  21
33532                            2.38e-01  21
33533                            9.92e-01  21
33534                            1.12e-03  6_[+2(3.52e-06)]
33535                            3.48e-02  21
33536                            5.72e-05  5_[-3(2.02e-07)]_1
33537                            4.63e-02  21
33538                            6.83e-01  21
33539                            9.84e-01  21
33540                            4.73e-01  21
33541                            8.44e-01  21
33542                            1.67e-03  21
33543                            1.00e+00  21
33544                            9.54e-01  21
33545                            2.07e-01  21
33546                            2.60e-01  21
33547                            5.54e-01  21
33548                            8.93e-04  5_[+1(4.46e-06)]_1
33549                            8.76e-01  21
33550                            1.00e+00  21
33551                            6.55e-01  21
33552                            8.52e-01  21
33553                            7.09e-01  21
33554                            9.50e-01  21
33555                            7.04e-01  21
33556                            9.58e-01  21
33557                            5.30e-01  21
33558                            5.88e-01  21
33559                            8.00e-01  21
33560                            5.86e-01  21
33561                            3.91e-01  21
33562                            6.35e-01  21
33563                            5.78e-02  21
33564                            7.06e-01  21
33565                            9.47e-01  21
33566                            8.83e-01  21
33567                            8.15e-01  21
33568                            9.68e-01  21
33569                            9.87e-01  21
33570                            9.76e-01  21
33571                            2.92e-01  21
33572                            9.99e-01  21
33573                            8.31e-01  21
--------------------------------------------------------------------------------

********************************************************************************


********************************************************************************
Stopped because requested number of motifs (6) found.
********************************************************************************

CPU: fedora

********************************************************************************
