********************************************************************************
MEME - Motif discovery tool
********************************************************************************
MEME version 5.5.5 (Release date: Thu Sep 14 08:48:04 2023 +1000)

For further information on how to interpret these results please access http://meme-suite.org.
To get a copy of the MEME Suite software please access https://meme-suite.org.

********************************************************************************


********************************************************************************
REFERENCE
********************************************************************************
If you use this program in your research, please cite:

Timothy L. Bailey and Charles Elkan,
"Fitting a mixture model by expectation maximization to
discover motifs in biopolymers",
Proceedings of the Second International Conference on Intelligent Systems
for Molecular Biology, pp. 28-36, AAAI Press, Menlo Park, California, 1994.
********************************************************************************


********************************************************************************
TRAINING SET
********************************************************************************
PRIMARY SEQUENCES= data/tmp_memedir/15_FALSE_TRUE_FALSE_NA_15_53_114/SALL3.fasta
CONTROL SEQUENCES= --none--
ALPHABET= ACGT
Sequence name            Weight Length  Sequence name            Weight Length  
-------------            ------ ------  -------------            ------ ------  
33028                    1.0000     31  33029                    1.0000     31  
33030                    1.0000     31  33031                    1.0000     31  
33032                    1.0000     31  33033                    1.0000     31  
33034                    1.0000     31  33035                    1.0000     31  
33036                    1.0000     31  33037                    1.0000     31  
33038                    1.0000     31  33039                    1.0000     31  
33040                    1.0000     31  33041                    1.0000     31  
33042                    1.0000     31  33043                    1.0000     31  
33044                    1.0000     31  33045                    1.0000     31  
33046                    1.0000     31  33047                    1.0000     31  
33048                    1.0000     31  33049                    1.0000     31  
33050                    1.0000     31  33051                    1.0000     31  
33052                    1.0000     31  33053                    1.0000     31  
33054                    1.0000     31  33055                    1.0000     31  
33056                    1.0000     31  33057                    1.0000     31  
33058                    1.0000     31  33059                    1.0000     31  
33060                    1.0000     31  33061                    1.0000     31  
33062                    1.0000     31  33063                    1.0000     31  
33064                    1.0000     31  33065                    1.0000     31  
33066                    1.0000     31  33067                    1.0000     31  
33068                    1.0000     31  33069                    1.0000     31  
33070                    1.0000     31  33071                    1.0000     31  
33072                    1.0000     31  33073                    1.0000     31  
33074                    1.0000     31  33075                    1.0000     31  
33076                    1.0000     31  33077                    1.0000     31  
33078                    1.0000     31  33079                    1.0000     31  
33080                    1.0000     31  33081                    1.0000     31  
33082                    1.0000     31  33083                    1.0000     31  
33084                    1.0000     31  33085                    1.0000     31  
33086                    1.0000     31  33087                    1.0000     31  
33088                    1.0000     31  33089                    1.0000     31  
33090                    1.0000     31  33091                    1.0000     31  
33092                    1.0000     31  33093                    1.0000     31  
33094                    1.0000     31  33095                    1.0000     31  
33096                    1.0000     31  33097                    1.0000     31  
33098                    1.0000     31  33099                    1.0000     31  
33100                    1.0000     31  33101                    1.0000     31  
33102                    1.0000     31  33103                    1.0000     31  
33104                    1.0000     31  33105                    1.0000     31  
33106                    1.0000     31  33107                    1.0000     31  
33108                    1.0000     31  33109                    1.0000     31  
33110                    1.0000     31  33111                    1.0000     31  
33112                    1.0000     31  33113                    1.0000     31  
33114                    1.0000     31  33115                    1.0000     31  
33116                    1.0000     31  33117                    1.0000     31  
33118                    1.0000     31  33119                    1.0000     31  
33120                    1.0000     31  33121                    1.0000     31  
33122                    1.0000     31  33123                    1.0000     31  
33124                    1.0000     31  33125                    1.0000     31  
33126                    1.0000     31  33127                    1.0000     31  
33128                    1.0000     31  33129                    1.0000     31  
33130                    1.0000     31  33131                    1.0000     31  
33132                    1.0000     31  33133                    1.0000     31  
33134                    1.0000     31  33135                    1.0000     31  
33136                    1.0000     31  33137                    1.0000     31  
33138                    1.0000     31  33139                    1.0000     31  
33140                    1.0000     31  33141                    1.0000     31  
33142                    1.0000     31  33143                    1.0000     31  
33144                    1.0000     31  33145                    1.0000     31  
33146                    1.0000     31  33147                    1.0000     31  
33148                    1.0000     31  33149                    1.0000     31  
33150                    1.0000     31  33151                    1.0000     31  
33152                    1.0000     31  33153                    1.0000     31  
33154                    1.0000     31  33155                    1.0000     31  
33156                    1.0000     31  33157                    1.0000     31  
33158                    1.0000     31  33159                    1.0000     31  
33160                    1.0000     31  33161                    1.0000     31  
33162                    1.0000     31  33163                    1.0000     31  
33164                    1.0000     31  33165                    1.0000     31  
33166                    1.0000     31  33167                    1.0000     31  
33168                    1.0000     31  33169                    1.0000     31  
33170                    1.0000     31  33171                    1.0000     31  
33172                    1.0000     31  33173                    1.0000     31  
33174                    1.0000     31  33175                    1.0000     31  
33176                    1.0000     31  33177                    1.0000     31  
33178                    1.0000     31  33179                    1.0000     31  
33180                    1.0000     31  33181                    1.0000     31  
33182                    1.0000     31  33183                    1.0000     31  
33184                    1.0000     31  33185                    1.0000     31  
33186                    1.0000     31  33187                    1.0000     31  
33188                    1.0000     31  33189                    1.0000     31  
33190                    1.0000     31  33191                    1.0000     31  
33192                    1.0000     31  33193                    1.0000     31  
33194                    1.0000     31  33195                    1.0000     31  
33196                    1.0000     31  33197                    1.0000     31  
33198                    1.0000     31  33199                    1.0000     31  
33200                    1.0000     31  33201                    1.0000     31  
33202                    1.0000     31  33203                    1.0000     31  
33204                    1.0000     31  33205                    1.0000     31  
33206                    1.0000     31  33207                    1.0000     31  
33208                    1.0000     31  33209                    1.0000     31  
33210                    1.0000     31  33211                    1.0000     31  
33212                    1.0000     31  33213                    1.0000     31  
33214                    1.0000     31  33215                    1.0000     31  
33216                    1.0000     31  33217                    1.0000     31  
33218                    1.0000     31  33219                    1.0000     31  
33220                    1.0000     31  33221                    1.0000     31  
33222                    1.0000     31  33223                    1.0000     31  
33224                    1.0000     31  33225                    1.0000     31  
33226                    1.0000     31  33227                    1.0000     31  
33228                    1.0000     31  33229                    1.0000     31  
33230                    1.0000     31  33231                    1.0000     31  
33232                    1.0000     31  33233                    1.0000     31  
33234                    1.0000     31  33235                    1.0000     31  
33236                    1.0000     31  33237                    1.0000     31  
33238                    1.0000     31  33239                    1.0000     31  
33240                    1.0000     31  33241                    1.0000     31  
33242                    1.0000     31  33243                    1.0000     31  
33244                    1.0000     31  33245                    1.0000     31  
33246                    1.0000     31  33247                    1.0000     31  
33248                    1.0000     31  33249                    1.0000     31  
33250                    1.0000     31  33251                    1.0000     31  
33252                    1.0000     31  33253                    1.0000     31  
33254                    1.0000     31  33255                    1.0000     31  
33256                    1.0000     31  33257                    1.0000     31  
33258                    1.0000     31  33259                    1.0000     31  
33260                    1.0000     31  33261                    1.0000     31  
33262                    1.0000     31  33263                    1.0000     31  
33264                    1.0000     31  33265                    1.0000     31  
33266                    1.0000     31  33267                    1.0000     31  
33268                    1.0000     31  33269                    1.0000     31  
33270                    1.0000     31  33271                    1.0000     31  
33272                    1.0000     31  33273                    1.0000     31  
33274                    1.0000     31  33275                    1.0000     31  
33276                    1.0000     31  33277                    1.0000     31  
33278                    1.0000     31  33279                    1.0000     31  
33280                    1.0000     31  33281                    1.0000     31  
33282                    1.0000     31  33283                    1.0000     31  
33284                    1.0000     31  33285                    1.0000     31  
33286                    1.0000     31  33287                    1.0000     31  
33288                    1.0000     31  33289                    1.0000     31  
33290                    1.0000     31  33291                    1.0000     31  
33292                    1.0000     31  33293                    1.0000     31  
33294                    1.0000     31  33295                    1.0000     31  
33296                    1.0000     31  33297                    1.0000     31  
33298                    1.0000     31  33299                    1.0000     31  
33300                    1.0000     31  33301                    1.0000     31  
33302                    1.0000     31  33303                    1.0000     31  
33304                    1.0000     31  33305                    1.0000     31  
33306                    1.0000     31  33307                    1.0000     31  
33308                    1.0000     31  33309                    1.0000     31  
33310                    1.0000     31  33311                    1.0000     31  
33312                    1.0000     31  33313                    1.0000     31  
33314                    1.0000     31  33315                    1.0000     31  
33316                    1.0000     31  33317                    1.0000     31  
33318                    1.0000     31  33319                    1.0000     31  
33320                    1.0000     31  33321                    1.0000     31  
33322                    1.0000     31  33323                    1.0000     31  
33324                    1.0000     31  33325                    1.0000     31  
33326                    1.0000     31  33327                    1.0000     31  
33328                    1.0000     31  33329                    1.0000     31  
33330                    1.0000     31  33331                    1.0000     31  
33332                    1.0000     31  33333                    1.0000     31  
33334                    1.0000     31  33335                    1.0000     31  
33336                    1.0000     31  33337                    1.0000     31  
33338                    1.0000     31  33339                    1.0000     31  
33340                    1.0000     31  33341                    1.0000     31  
33342                    1.0000     31  33343                    1.0000     31  
33344                    1.0000     31  33345                    1.0000     31  
33346                    1.0000     31  33347                    1.0000     31  
33348                    1.0000     31  33349                    1.0000     31  
33350                    1.0000     31  33351                    1.0000     31  
33352                    1.0000     31  33353                    1.0000     31  
33354                    1.0000     31  33355                    1.0000     31  
33356                    1.0000     31  33357                    1.0000     31  
33358                    1.0000     31  33359                    1.0000     31  
33360                    1.0000     31  33361                    1.0000     31  
33362                    1.0000     31  33363                    1.0000     31  
33364                    1.0000     31  33365                    1.0000     31  
33366                    1.0000     31  33367                    1.0000     31  
33368                    1.0000     31  33369                    1.0000     31  
33370                    1.0000     31  33371                    1.0000     31  
33372                    1.0000     31  33373                    1.0000     31  
33374                    1.0000     31  33375                    1.0000     31  
33376                    1.0000     31  33377                    1.0000     31  
33378                    1.0000     31  33379                    1.0000     31  
33380                    1.0000     31  33381                    1.0000     31  
33382                    1.0000     31  33383                    1.0000     31  
33384                    1.0000     31  33385                    1.0000     31  
33386                    1.0000     31  33387                    1.0000     31  
33388                    1.0000     31  33389                    1.0000     31  
33390                    1.0000     31  33391                    1.0000     31  
33392                    1.0000     31  33393                    1.0000     31  
33394                    1.0000     31  33395                    1.0000     31  
33396                    1.0000     31  33397                    1.0000     31  
33398                    1.0000     31  33399                    1.0000     31  
33400                    1.0000     31  33401                    1.0000     31  
33402                    1.0000     31  33403                    1.0000     31  
33404                    1.0000     31  33405                    1.0000     31  
33406                    1.0000     31  33407                    1.0000     31  
33408                    1.0000     31  33409                    1.0000     31  
33410                    1.0000     31  33411                    1.0000     31  
33412                    1.0000     31  33413                    1.0000     31  
33414                    1.0000     31  33415                    1.0000     31  
33416                    1.0000     31  33417                    1.0000     31  
33418                    1.0000     31  33419                    1.0000     31  
33420                    1.0000     31  33421                    1.0000     31  
33422                    1.0000     31  33423                    1.0000     31  
33424                    1.0000     31  33425                    1.0000     31  
33426                    1.0000     31  33427                    1.0000     31  
33428                    1.0000     31  33429                    1.0000     31  
33430                    1.0000     31  33431                    1.0000     31  
33432                    1.0000     31  33433                    1.0000     31  
33434                    1.0000     31  33435                    1.0000     31  
33436                    1.0000     31  33437                    1.0000     31  
33438                    1.0000     31  33439                    1.0000     31  
33440                    1.0000     31  33441                    1.0000     31  
33442                    1.0000     31  33443                    1.0000     31  
33444                    1.0000     31  33445                    1.0000     31  
33446                    1.0000     31  33447                    1.0000     31  
33448                    1.0000     31  33449                    1.0000     31  
33450                    1.0000     31  33451                    1.0000     31  
33452                    1.0000     31  33453                    1.0000     31  
33454                    1.0000     31  33455                    1.0000     31  
33456                    1.0000     31  33457                    1.0000     31  
33458                    1.0000     31  33459                    1.0000     31  
33460                    1.0000     31  33461                    1.0000     31  
33462                    1.0000     31  33463                    1.0000     31  
33464                    1.0000     31  33465                    1.0000     31  
33466                    1.0000     31  33467                    1.0000     31  
33468                    1.0000     31  33469                    1.0000     31  
33470                    1.0000     31  33471                    1.0000     31  
33472                    1.0000     31  33473                    1.0000     31  
33474                    1.0000     31  33475                    1.0000     31  
33476                    1.0000     31  33477                    1.0000     31  
33478                    1.0000     31  33479                    1.0000     31  
33480                    1.0000     31  33481                    1.0000     31  
33482                    1.0000     31  33483                    1.0000     31  
33484                    1.0000     31  33485                    1.0000     31  
33486                    1.0000     31  33487                    1.0000     31  
33488                    1.0000     31  33489                    1.0000     31  
33490                    1.0000     31  33491                    1.0000     31  
33492                    1.0000     31  33493                    1.0000     31  
33494                    1.0000     31  33495                    1.0000     31  
33496                    1.0000     31  33497                    1.0000     31  
33498                    1.0000     31  33499                    1.0000     31  
33500                    1.0000     31  33501                    1.0000     31  
33502                    1.0000     31  33503                    1.0000     31  
33504                    1.0000     31  33505                    1.0000     31  
33506                    1.0000     31  33507                    1.0000     31  
33508                    1.0000     31  33509                    1.0000     31  
33510                    1.0000     31  33511                    1.0000     31  
33512                    1.0000     31  33513                    1.0000     31  
33514                    1.0000     31  33515                    1.0000     31  
33516                    1.0000     31  33517                    1.0000     31  
33518                    1.0000     31  33519                    1.0000     31  
33520                    1.0000     31  33521                    1.0000     31  
33522                    1.0000     31  33523                    1.0000     31  
33524                    1.0000     31  33525                    1.0000     31  
33526                    1.0000     31  33527                    1.0000     31  
33528                    1.0000     31  33529                    1.0000     31  
33530                    1.0000     31  33531                    1.0000     31  
33532                    1.0000     31  33533                    1.0000     31  
33534                    1.0000     31  33535                    1.0000     31  
33536                    1.0000     31  33537                    1.0000     31  
33538                    1.0000     31  33539                    1.0000     31  
33540                    1.0000     31  33541                    1.0000     31  
33542                    1.0000     31  33543                    1.0000     31  
33544                    1.0000     31  33545                    1.0000     31  
33546                    1.0000     31  33547                    1.0000     31  
33548                    1.0000     31  33549                    1.0000     31  
33550                    1.0000     31  33551                    1.0000     31  
33552                    1.0000     31  33553                    1.0000     31  
33554                    1.0000     31  33555                    1.0000     31  
33556                    1.0000     31  33557                    1.0000     31  
33558                    1.0000     31  33559                    1.0000     31  
33560                    1.0000     31  33561                    1.0000     31  
33562                    1.0000     31  33563                    1.0000     31  
33564                    1.0000     31  33565                    1.0000     31  
33566                    1.0000     31  33567                    1.0000     31  
33568                    1.0000     31  33569                    1.0000     31  
33570                    1.0000     31  33571                    1.0000     31  
33572                    1.0000     31  33573                    1.0000     31  
********************************************************************************

********************************************************************************
COMMAND LINE SUMMARY
********************************************************************************
This information can also be useful in the event you wish to report a
problem with the MEME software.

command: meme data/tmp_memedir/15_FALSE_TRUE_FALSE_NA_15_53_114/SALL3.fasta -oc data/tmp_memedir/15_FALSE_TRUE_FALSE_NA_15_53_114/SALL3 -nmotifs 6 -dna -maxw 15 -p 3 -seed 53 

model:  mod=         zoops    nmotifs=         6    evt=           inf
objective function:           em=       E-value of product of p-values
                              starts=   E-value of product of p-values
strands: +
width:  minw=            8    maxw=           15
nsites: minsites=        2    maxsites=      546    wnsites=       0.8
theta:  spmap=         uni    spfuzz=        0.5
em:     prior=   dirichlet    b=            0.01    maxiter=        50
        distance=    1e-05
trim:   wg=             11    ws=              1    endgaps=       yes
data:   n=           16926    N=             546
sample: seed=           53    hsfrac=          0
        searchsize=  16926    norand=         no    csites=       1000
Letter frequencies in dataset:
A 0.368 C 0.125 G 0.136 T 0.371 
Background letter frequencies (from file dataset with add-one prior applied):
A 0.368 C 0.125 G 0.136 T 0.371 
Background model order: 0
********************************************************************************


********************************************************************************
MOTIF SMCHSSAGNYBGRGS MEME-1	width =  15  sites =  39  llr = 375  E-value = 4.9e-022
********************************************************************************
--------------------------------------------------------------------------------
	Motif SMCHSSAGNYBGRGS MEME-1 Description
--------------------------------------------------------------------------------
Simplified        A  :413:26:3212522
pos.-specific     C  336244:23322::4
probability       G  722155183:45484
matrix            T  :1242:3:25321:1

         bits    3.0                
                 2.7                
                 2.4        *       
                 2.1 *      *     * 
Relative         1.8 *      *     * 
Entropy          1.5 *      *     * 
(13.9 bits)      1.2 *   ** *     * 
                 0.9 * * ** *     **
                 0.6 * * ** *  *****
                 0.3 *** ***********
                 0.0 ---------------

Multilevel           GACTGGAGGTGGAGG
consensus            CCGACCT ACT G C
sequence                C    C C    
                                    
--------------------------------------------------------------------------------

--------------------------------------------------------------------------------
	Motif SMCHSSAGNYBGRGS MEME-1 sites sorted by position p-value
--------------------------------------------------------------------------------
Sequence name             Start   P-value                 Site    
-------------             ----- ---------            ---------------
33337                         1  2.68e-09          . CCCAGGAGGTGGAGG GTGCAGTGAG
33341                         6  3.86e-08      TACTG CACTCCAGCCTGGGC GACAGTGAGA
33197                         6  6.36e-08      GCAGT GACCTGAGACGGGGC CACTGCACTC
33306                         7  7.48e-08     GAGTTT GAGAGCAGCCTGGGC AACAAGCAAA
33304                        15  1.39e-07 ATCGCTTGAA CCCAGGAGGCAGAGG TT        
33259                         8  4.39e-07    GGCATGA GCCACCACGCCTGGC CCAATTTTC 
33073                         1  5.03e-07          . CCCCAGAGGTGGAGG TTACAGTGAA
33253                         3  5.74e-07         TT GCCCCCAGTTGAAGG ATTTGATTGG
33464                        11  7.46e-07 TGGTCTCAAA GGGTCCTCCCGGAGG ATCCTC    
33078                         8  1.41e-06    ATAGGTA GGCAGGAGATGGAAG ACACTGTAG 
33113                        14  2.56e-06 GATGCCACTG CACTCCAGCCTGGGT GAC       
33082                        14  3.22e-06 ACAGGCATGA GCCACCGCACCCAGC CTG       
33117                         6  4.52e-06      TGCAA GGCTGAAGGAGAGGG TAATCCTGAA
33529                         8  6.96e-06    TTGCAGT GAGCCGAGATTGCGC CACTGCACT 
33398                         4  9.50e-06        TTA GGCTGAAGGACGTGC CTGTCTTTTT
33355                        14  9.50e-06 AATCATAGCT CACTGCAGCCTCAAC CTC       
33548                        11  1.17e-05 AATATGATAT CATTGCAGCCTGAGA ATAATT    
33303                         1  1.17e-05          . GCGCCGGGGTGGAAA GGTGCTTGCA
33497                         5  1.90e-05       AGGA GGCTGAGGCAGGAGA ATCCCTTCAA
33412                         3  1.90e-05         TT GAGATCAGCTGGGAC TACACAGCAA
33269                         1  2.09e-05          . GAGAGAAGGTCAAGG TATATTTAAT
33495                         9  2.30e-05   CCCGAGTA GCTAGGACCACAGGC ATGTGCCA  
33343                         3  2.30e-05         AG GTCAGGAGTTTGAGA CCACCCTGGT
33284                         1  2.30e-05          . CACACCTGATTTGGC AGACTGAGAT
33034                        12  2.52e-05 CCTTTTGTAG GGCCTGTGGGGGGAC AGTCT     
33320                         8  3.04e-05    GTTTGGT GTCTGGTGAAGAAGG CTCAGTCTT 
33507                         2  3.32e-05          A GAGGTGTGTCTGGGG AAAGCCAGTG
33089                        13  3.32e-05 TTCTCTGAGG GCTTCCAGTATCAGG GTGG      
33231                         2  3.64e-05          G CCTCCCAGGTTCAAG CGATTCTCCT
33096                         7  3.64e-05     CGTGGT GGCGCGCGTATGAGG AAATTATTTG
33358                        14  3.97e-05 ATAGATACAT GTGACCAGGTGCGGT GGC       
33333                        13  5.15e-05 ACAGAGTCTT GCTCTGTCACCCAGG CTGG      
33502                         4  5.61e-05        TAT CACAGATGATGTAGG CAATGAAAAT
33060                        10  6.11e-05  TCTTGGAGA GTATCGAGGTCTGGC ACAGTGG   
33241                         2  6.64e-05          T GACCTGAGATCATGC CACTGCACTC
33268                         6  7.83e-05      AAGCT CCATGAAGCCAGAGG GTTTTGACTT
33456                         8  1.16e-04    TTCTCCC CACTGGTGTTTTGGA GAATTCTGC 
33368                         5  1.16e-04       AGAA CCTTGGTCATCTAGG AGAGCCATCA
33037                        16  1.26e-04 AATCTGATGG GATTGGTGATGGTGA C         
--------------------------------------------------------------------------------

--------------------------------------------------------------------------------
	Motif SMCHSSAGNYBGRGS MEME-1 block diagrams
--------------------------------------------------------------------------------
SEQUENCE NAME            POSITION P-VALUE  MOTIF DIAGRAM
-------------            ----------------  -------------
33337                             2.7e-09  [+1]_16
33341                             3.9e-08  5_[+1]_11
33197                             6.4e-08  5_[+1]_11
33306                             7.5e-08  6_[+1]_10
33304                             1.4e-07  14_[+1]_2
33259                             4.4e-07  7_[+1]_9
33073                               5e-07  [+1]_16
33253                             5.7e-07  2_[+1]_14
33464                             7.5e-07  10_[+1]_6
33078                             1.4e-06  7_[+1]_9
33113                             2.6e-06  13_[+1]_3
33082                             3.2e-06  13_[+1]_3
33117                             4.5e-06  5_[+1]_11
33529                               7e-06  7_[+1]_9
33398                             9.5e-06  3_[+1]_13
33355                             9.5e-06  13_[+1]_3
33548                             1.2e-05  10_[+1]_6
33303                             1.2e-05  [+1]_16
33497                             1.9e-05  4_[+1]_12
33412                             1.9e-05  2_[+1]_14
33269                             2.1e-05  [+1]_16
33495                             2.3e-05  8_[+1]_8
33343                             2.3e-05  2_[+1]_14
33284                             2.3e-05  [+1]_16
33034                             2.5e-05  11_[+1]_5
33320                               3e-05  7_[+1]_9
33507                             3.3e-05  1_[+1]_15
33089                             3.3e-05  12_[+1]_4
33231                             3.6e-05  1_[+1]_15
33096                             3.6e-05  6_[+1]_10
33358                               4e-05  13_[+1]_3
33333                             5.2e-05  12_[+1]_4
33502                             5.6e-05  3_[+1]_13
33060                             6.1e-05  9_[+1]_7
33241                             6.6e-05  1_[+1]_15
33268                             7.8e-05  5_[+1]_11
33456                             0.00012  7_[+1]_9
33368                             0.00012  4_[+1]_12
33037                             0.00013  15_[+1]_1
--------------------------------------------------------------------------------

--------------------------------------------------------------------------------
	Motif SMCHSSAGNYBGRGS MEME-1 in BLOCKS format
--------------------------------------------------------------------------------
BL   MOTIF SMCHSSAGNYBGRGS width=15 seqs=39
33337                    (    1) CCCAGGAGGTGGAGG  1 
33341                    (    6) CACTCCAGCCTGGGC  1 
33197                    (    6) GACCTGAGACGGGGC  1 
33306                    (    7) GAGAGCAGCCTGGGC  1 
33304                    (   15) CCCAGGAGGCAGAGG  1 
33259                    (    8) GCCACCACGCCTGGC  1 
33073                    (    1) CCCCAGAGGTGGAGG  1 
33253                    (    3) GCCCCCAGTTGAAGG  1 
33464                    (   11) GGGTCCTCCCGGAGG  1 
33078                    (    8) GGCAGGAGATGGAAG  1 
33113                    (   14) CACTCCAGCCTGGGT  1 
33082                    (   14) GCCACCGCACCCAGC  1 
33117                    (    6) GGCTGAAGGAGAGGG  1 
33529                    (    8) GAGCCGAGATTGCGC  1 
33398                    (    4) GGCTGAAGGACGTGC  1 
33355                    (   14) CACTGCAGCCTCAAC  1 
33548                    (   11) CATTGCAGCCTGAGA  1 
33303                    (    1) GCGCCGGGGTGGAAA  1 
33497                    (    5) GGCTGAGGCAGGAGA  1 
33412                    (    3) GAGATCAGCTGGGAC  1 
33269                    (    1) GAGAGAAGGTCAAGG  1 
33495                    (    9) GCTAGGACCACAGGC  1 
33343                    (    3) GTCAGGAGTTTGAGA  1 
33284                    (    1) CACACCTGATTTGGC  1 
33034                    (   12) GGCCTGTGGGGGGAC  1 
33320                    (    8) GTCTGGTGAAGAAGG  1 
33507                    (    2) GAGGTGTGTCTGGGG  1 
33089                    (   13) GCTTCCAGTATCAGG  1 
33231                    (    2) CCTCCCAGGTTCAAG  1 
33096                    (    7) GGCGCGCGTATGAGG  1 
33358                    (   14) GTGACCAGGTGCGGT  1 
33333                    (   13) GCTCTGTCACCCAGG  1 
33502                    (    4) CACAGATGATGTAGG  1 
33060                    (   10) GTATCGAGGTCTGGC  1 
33241                    (    2) GACCTGAGATCATGC  1 
33268                    (    6) CCATGAAGCCAGAGG  1 
33456                    (    8) CACTGGTGTTTTGGA  1 
33368                    (    5) CCTTGGTCATCTAGG  1 
33037                    (   16) GATTGGTGATGGTGA  1 
//

--------------------------------------------------------------------------------

--------------------------------------------------------------------------------
	Motif SMCHSSAGNYBGRGS MEME-1 position-specific scoring matrix
--------------------------------------------------------------------------------
log-odds matrix: alength= 4 w= 15 n= 9282 bayes= 8.81244 E= 4.9e-022 
 -1193    141    229  -1193 
     7    141     40   -185 
  -284    217     59   -105 
   -14     88   -140      5 
  -384    152    176   -127 
  -126    152    184  -1193 
    80   -229    -82    -53 
 -1193     29    264  -1193 
   -38    103    118   -127 
  -103    141   -240     31 
  -284     88    150    -15 
  -126     29    199   -127 
    55   -229    140   -227 
  -126  -1193    264  -1193 
  -126    152    168   -285 
--------------------------------------------------------------------------------

--------------------------------------------------------------------------------
	Motif SMCHSSAGNYBGRGS MEME-1 position-specific probability matrix
--------------------------------------------------------------------------------
letter-probability matrix: alength= 4 w= 15 nsites= 39 E= 4.9e-022 
 0.000000  0.333333  0.666667  0.000000 
 0.384615  0.333333  0.179487  0.102564 
 0.051282  0.564103  0.205128  0.179487 
 0.333333  0.230769  0.051282  0.384615 
 0.025641  0.358974  0.461538  0.153846 
 0.153846  0.358974  0.487179  0.000000 
 0.641026  0.025641  0.076923  0.256410 
 0.000000  0.153846  0.846154  0.000000 
 0.282051  0.256410  0.307692  0.153846 
 0.179487  0.333333  0.025641  0.461538 
 0.051282  0.230769  0.384615  0.333333 
 0.153846  0.153846  0.538462  0.153846 
 0.538462  0.025641  0.358974  0.076923 
 0.153846  0.000000  0.846154  0.000000 
 0.153846  0.358974  0.435897  0.051282 
--------------------------------------------------------------------------------

--------------------------------------------------------------------------------
	Motif SMCHSSAGNYBGRGS MEME-1 regular expression
--------------------------------------------------------------------------------
[GC][AC][CG][TAC][GC][GC][AT]G[GAC][TC][GTC]G[AG]G[GC]
--------------------------------------------------------------------------------




Time  6.66 secs.

********************************************************************************


********************************************************************************
MOTIF TAWTAWTWAWTAWTA MEME-2	width =  15  sites =  50  llr = 416  E-value = 3.8e-012
********************************************************************************
--------------------------------------------------------------------------------
	Motif TAWTAWTWAWTAWTA MEME-2 Description
--------------------------------------------------------------------------------
Simplified        A  :a4:861394:a6:8
pos.-specific     C  3:::::11:::::1:
probability       G  ::::::::1:::::1
matrix            T  7:6a2476:5a:491

         bits    3.0                
                 2.7                
                 2.4                
                 2.1                
Relative         1.8                
Entropy          1.5  * *      *    
(12.0 bits)      1.2  * *      ** * 
                 0.9 ** *    * ** * 
                 0.6 *****   * ** **
                 0.3 ***************
                 0.0 ---------------

Multilevel           TATTAATTATTAATA
consensus            C A TT A A  T  
sequence                            
                                    
--------------------------------------------------------------------------------

--------------------------------------------------------------------------------
	Motif TAWTAWTWAWTAWTA MEME-2 sites sorted by position p-value
--------------------------------------------------------------------------------
Sequence name             Start   P-value                 Site    
-------------             ----- ---------            ---------------
33161                        12  4.39e-07 AAATTATTAA TATTAATTATTAATA ATAAC     
33539                         7  4.96e-06     GGTTAC TATTAATAATTAATA GCAATATCAC
33362                         5  4.96e-06       ATAA TAATAATTATTATTA TTATAATAAA
33550                         7  7.17e-06     TAATAT TATTATTTATTATTA TTATTAATTA
33468                         7  7.17e-06     TATCAT TAATATTTAATAATA TTTAATATTT
33389                        14  7.17e-06 TATCAGATGT CATTAATCATTAATA TTA       
33169                        13  7.17e-06 TATCAGGCAT CATTAATCATTAATA TTAA      
33461                        10  1.46e-05  ATATTATTT TAATATTTAATATTA ATACAAA   
33321                         5  1.46e-05       ATTA TATTAATAAATATTA TATGTAATAT
33363                        13  1.71e-05 AATAATATAT TAATATTAATTAATA TAAT      
33167                         8  1.83e-05    CAGGCGT CATTAATCAATATTA ATCATGCAT 
33418                        13  2.14e-05 ATATTAATAC TAATAACTAATATTA TTTG      
33221                        13  2.14e-05 ACAGTCTTAA TATTATTAATTATTA AACA      
33506                        13  2.49e-05 TAATAATAAT TATTTATTATTATTA ATAA      
33572                        17  3.14e-05 AGATTAATAT TAATATTAATTATTA           
33099                        14  3.14e-05 ATATTGTTGG TAATATTTAATAATG TTA       
33164                        11  3.49e-05 TAACGGTTAC TATTTATAATTAATA GCAATT    
33227                         1  4.47e-05          . TAATTATTAATATTA ATTGGTATCA
33101                        13  4.47e-05 ATTTGTTCTA TATTATATATTAATA TTAA      
33556                         6  5.27e-05      AACGT CATTTATCAATAATA TTAGCTATTA
33419                        12  5.27e-05 ACATTAATAT TAATAACAAATATTA TTAAA     
33354                         6  5.27e-05      ATGAT CATTATTTAATAATT TATTAATATT
33168                         8  5.27e-05    TAAAAAA TATTAGTTATTAATA TTAATATTA 
33557                        16  6.03e-05 GTCATCAAAA CATTAATTATTAATC T         
33513                         2  6.03e-05          A CATTTTCTATTAATA GTTTACAAAC
33349                        15  6.03e-05 ATTAATATTA TATTATGTAATAATA AT        
33235                         6  6.03e-05      AAGAA CATTATGTAATAATA TATTCTGTTT
33160                         7  6.03e-05     GATTTT TATTAAAAATTAATA AATTGATTTT
33090                         2  6.03e-05          A TAATAATAACTAATA TTCAATTTAA
33541                         6  6.32e-05      TATGA TATTAATTAATAGTA ACAGTAATTA
33254                        15  6.32e-05 TTATATTAAT TATTGATTATTAATA AT        
33170                        14  6.32e-05 AATTATTCCT CATTTATTATTAACA TGA       
33463                        11  7.33e-05 ATTAATTAAT TATTAATTGTTAATT ATTAAT    
33258                         1  7.33e-05          . CAATATTTAATAATT AAAACAATTC
33162                         9  7.33e-05   CTAATTAA TAATATATAATAATA AAATAATA  
33540                         2  8.44e-05          T TAATAATTGATATTG ACCTTATTAA
33490                        12  1.11e-04 AATATTTTAA TAATATTTAATATTT TAATA     
33286                         5  1.21e-04       AATT CAATAACAAATAACA AAATAAAACA
33165                        17  1.28e-04 TAATATTAAG TAATTATTATTAATT           
33551                         9  1.39e-04   ATGATGAA TATTAATGATTAATG ACGCCTGG  
33157                         8  1.39e-04    TATATGA TATTTTTAGTTAATA AAAGTTATA 
33052                         6  1.49e-04      AATTA TATTAATAACTAACA TAATGAAAAT
33392                         9  1.59e-04   CCTGATAT TAATAACTGATATTG ATCTTATT  
33192                        15  1.59e-04 CGCCCGATAT TAATAACTGATATTG AT        
33302                         2  1.71e-04          A CAATATTAATTATTT TAATTAATAT
33181                        17  1.93e-04 TTAAATATTT TAATAATTTTTAATA           
33371                         4  2.34e-04        AAA TATTATATAATATCA ATTATATTAT
33411                         1  3.34e-04          . TATTTTAAATTATTA CTTTTATATA
33279                         6  3.34e-04      TCAGC CATTTAAAGTTAATA TTTTGACCAA
33193                         3  3.34e-04         AT TAATAATTAATTTTA ATCATGCATA
--------------------------------------------------------------------------------

--------------------------------------------------------------------------------
	Motif TAWTAWTWAWTAWTA MEME-2 block diagrams
--------------------------------------------------------------------------------
SEQUENCE NAME            POSITION P-VALUE  MOTIF DIAGRAM
-------------            ----------------  -------------
33161                             4.4e-07  11_[+2]_5
33539                               5e-06  6_[+2]_10
33362                               5e-06  4_[+2]_12
33550                             7.2e-06  6_[+2]_10
33468                             7.2e-06  6_[+2]_10
33389                             7.2e-06  13_[+2]_3
33169                             7.2e-06  12_[+2]_4
33461                             1.5e-05  9_[+2]_7
33321                             1.5e-05  4_[+2]_12
33363                             1.7e-05  12_[+2]_4
33167                             1.8e-05  7_[+2]_9
33418                             2.1e-05  12_[+2]_4
33221                             2.1e-05  12_[+2]_4
33506                             2.5e-05  12_[+2]_4
33572                             3.1e-05  16_[+2]
33099                             3.1e-05  13_[+2]_3
33164                             3.5e-05  10_[+2]_6
33227                             4.5e-05  [+2]_16
33101                             4.5e-05  12_[+2]_4
33556                             5.3e-05  5_[+2]_11
33419                             5.3e-05  11_[+2]_5
33354                             5.3e-05  5_[+2]_11
33168                             5.3e-05  7_[+2]_9
33557                               6e-05  15_[+2]_1
33513                               6e-05  1_[+2]_15
33349                               6e-05  14_[+2]_2
33235                               6e-05  5_[+2]_11
33160                               6e-05  6_[+2]_10
33090                               6e-05  1_[+2]_15
33541                             6.3e-05  5_[+2]_11
33254                             6.3e-05  14_[+2]_2
33170                             6.3e-05  13_[+2]_3
33463                             7.3e-05  10_[+2]_6
33258                             7.3e-05  [+2]_16
33162                             7.3e-05  8_[+2]_8
33540                             8.4e-05  1_[+2]_15
33490                             0.00011  11_[+2]_5
33286                             0.00012  4_[+2]_12
33165                             0.00013  16_[+2]
33551                             0.00014  8_[+2]_8
33157                             0.00014  7_[+2]_9
33052                             0.00015  5_[+2]_11
33392                             0.00016  8_[+2]_8
33192                             0.00016  14_[+2]_2
33302                             0.00017  1_[+2]_15
33181                             0.00019  16_[+2]
33371                             0.00023  3_[+2]_13
33411                             0.00033  [+2]_16
33279                             0.00033  5_[+2]_11
33193                             0.00033  2_[+2]_14
--------------------------------------------------------------------------------

--------------------------------------------------------------------------------
	Motif TAWTAWTWAWTAWTA MEME-2 in BLOCKS format
--------------------------------------------------------------------------------
BL   MOTIF TAWTAWTWAWTAWTA width=15 seqs=50
33161                    (   12) TATTAATTATTAATA  1 
33539                    (    7) TATTAATAATTAATA  1 
33362                    (    5) TAATAATTATTATTA  1 
33550                    (    7) TATTATTTATTATTA  1 
33468                    (    7) TAATATTTAATAATA  1 
33389                    (   14) CATTAATCATTAATA  1 
33169                    (   13) CATTAATCATTAATA  1 
33461                    (   10) TAATATTTAATATTA  1 
33321                    (    5) TATTAATAAATATTA  1 
33363                    (   13) TAATATTAATTAATA  1 
33167                    (    8) CATTAATCAATATTA  1 
33418                    (   13) TAATAACTAATATTA  1 
33221                    (   13) TATTATTAATTATTA  1 
33506                    (   13) TATTTATTATTATTA  1 
33572                    (   17) TAATATTAATTATTA  1 
33099                    (   14) TAATATTTAATAATG  1 
33164                    (   11) TATTTATAATTAATA  1 
33227                    (    1) TAATTATTAATATTA  1 
33101                    (   13) TATTATATATTAATA  1 
33556                    (    6) CATTTATCAATAATA  1 
33419                    (   12) TAATAACAAATATTA  1 
33354                    (    6) CATTATTTAATAATT  1 
33168                    (    8) TATTAGTTATTAATA  1 
33557                    (   16) CATTAATTATTAATC  1 
33513                    (    2) CATTTTCTATTAATA  1 
33349                    (   15) TATTATGTAATAATA  1 
33235                    (    6) CATTATGTAATAATA  1 
33160                    (    7) TATTAAAAATTAATA  1 
33090                    (    2) TAATAATAACTAATA  1 
33541                    (    6) TATTAATTAATAGTA  1 
33254                    (   15) TATTGATTATTAATA  1 
33170                    (   14) CATTTATTATTAACA  1 
33463                    (   11) TATTAATTGTTAATT  1 
33258                    (    1) CAATATTTAATAATT  1 
33162                    (    9) TAATATATAATAATA  1 
33540                    (    2) TAATAATTGATATTG  1 
33490                    (   12) TAATATTTAATATTT  1 
33286                    (    5) CAATAACAAATAACA  1 
33165                    (   17) TAATTATTATTAATT  1 
33551                    (    9) TATTAATGATTAATG  1 
33157                    (    8) TATTTTTAGTTAATA  1 
33052                    (    6) TATTAATAACTAACA  1 
33392                    (    9) TAATAACTGATATTG  1 
33192                    (   15) TAATAACTGATATTG  1 
33302                    (    2) CAATATTAATTATTT  1 
33181                    (   17) TAATAATTTTTAATA  1 
33371                    (    4) TATTATATAATATCA  1 
33411                    (    1) TATTTTAAATTATTA  1 
33279                    (    6) CATTTAAAGTTAATA  1 
33193                    (    3) TAATAATTAATTTTA  1 
//

--------------------------------------------------------------------------------

--------------------------------------------------------------------------------
	Motif TAWTAWTWAWTAWTA MEME-2 position-specific scoring matrix
--------------------------------------------------------------------------------
log-odds matrix: alength= 4 w= 15 n= 9282 bayes= 8.66571 E= 3.8e-012 
 -1229    105  -1229    100 
   144  -1229  -1229  -1229 
    19  -1229  -1229     64 
 -1229  -1229  -1229    143 
   109  -1229   -276    -89 
    71  -1229   -276      3 
  -161     -6   -176     96 
   -29    -65   -276     69 
   123  -1229    -18   -421 
    26   -165  -1229     49 
 -1229  -1229  -1229    143 
   141  -1229  -1229   -421 
    71  -1229   -276      3 
 -1229    -65  -1229    131 
   105   -265    -44   -163 
--------------------------------------------------------------------------------

--------------------------------------------------------------------------------
	Motif TAWTAWTWAWTAWTA MEME-2 position-specific probability matrix
--------------------------------------------------------------------------------
letter-probability matrix: alength= 4 w= 15 nsites= 50 E= 3.8e-012 
 0.000000  0.260000  0.000000  0.740000 
 1.000000  0.000000  0.000000  0.000000 
 0.420000  0.000000  0.000000  0.580000 
 0.000000  0.000000  0.000000  1.000000 
 0.780000  0.000000  0.020000  0.200000 
 0.600000  0.000000  0.020000  0.380000 
 0.120000  0.120000  0.040000  0.720000 
 0.300000  0.080000  0.020000  0.600000 
 0.860000  0.000000  0.120000  0.020000 
 0.440000  0.040000  0.000000  0.520000 
 0.000000  0.000000  0.000000  1.000000 
 0.980000  0.000000  0.000000  0.020000 
 0.600000  0.000000  0.020000  0.380000 
 0.000000  0.080000  0.000000  0.920000 
 0.760000  0.020000  0.100000  0.120000 
--------------------------------------------------------------------------------

--------------------------------------------------------------------------------
	Motif TAWTAWTWAWTAWTA MEME-2 regular expression
--------------------------------------------------------------------------------
[TC]A[TA]T[AT][AT]T[TA]A[TA]TA[AT]TA
--------------------------------------------------------------------------------




Time  9.21 secs.

********************************************************************************


********************************************************************************
MOTIF GAGAYGGAGTYTCAC MEME-3	width =  15  sites =   5  llr = 89  E-value = 1.7e-001
********************************************************************************
--------------------------------------------------------------------------------
	Motif GAGAYGGAGTYTCAC MEME-3 Description
--------------------------------------------------------------------------------
Simplified        A  :a:a:2:8:::::a2
pos.-specific     C  ::::6:2::24:a:8
probability       G  a:a::66:a::::::
matrix            T  ::::4222:86a:::

         bits    3.0 * *     *   *  
                 2.7 * *     *   *  
                 2.4 * *     *   *  
                 2.1 * *     *   * *
Relative         1.8 * *     *   * *
Entropy          1.5 *****   *  ****
(25.8 bits)      1.2 ***** * * *****
                 0.9 ******* *******
                 0.6 ***************
                 0.3 ***************
                 0.0 ---------------

Multilevel           GAGACGGAGTTTCAC
consensus                TACT CC   A
sequence                  TT        
                                    
--------------------------------------------------------------------------------

--------------------------------------------------------------------------------
	Motif GAGAYGGAGTYTCAC MEME-3 sites sorted by position p-value
--------------------------------------------------------------------------------
Sequence name             Start   P-value                 Site    
-------------             ----- ---------            ---------------
33405                        11  1.02e-09 TTTTTTTTTT GAGATGGAGTTTCAC TCTGCC    
33109                        17  1.02e-09 TATTTTAGTA GAGATGGAGTTTCAC           
33384                         8  1.15e-09    TTTTTTT GAGACAGAGCCTCAC TCTGTTGCC 
33095                        17  2.16e-09 ATTTTTAATA GAGACGTAGTTTCAC           
33334                         1  5.59e-08          . GAGACTCTGTCTCAA AAAAAAATTA
--------------------------------------------------------------------------------

--------------------------------------------------------------------------------
	Motif GAGAYGGAGTYTCAC MEME-3 block diagrams
--------------------------------------------------------------------------------
SEQUENCE NAME            POSITION P-VALUE  MOTIF DIAGRAM
-------------            ----------------  -------------
33405                               1e-09  10_[+3]_6
33109                               1e-09  16_[+3]
33384                             1.2e-09  7_[+3]_9
33095                             2.2e-09  16_[+3]
33334                             5.6e-08  [+3]_16
--------------------------------------------------------------------------------

--------------------------------------------------------------------------------
	Motif GAGAYGGAGTYTCAC MEME-3 in BLOCKS format
--------------------------------------------------------------------------------
BL   MOTIF GAGAYGGAGTYTCAC width=15 seqs=5
33405                    (   11) GAGATGGAGTTTCAC  1 
33109                    (   17) GAGATGGAGTTTCAC  1 
33384                    (    8) GAGACAGAGCCTCAC  1 
33095                    (   17) GAGACGTAGTTTCAC  1 
33334                    (    1) GAGACTCTGTCTCAA  1 
//

--------------------------------------------------------------------------------

--------------------------------------------------------------------------------
	Motif GAGAYGGAGTYTCAC MEME-3 position-specific scoring matrix
--------------------------------------------------------------------------------
log-odds matrix: alength= 4 w= 15 n= 9282 bayes= 11.1092 E= 1.7e-001 
  -897   -897    288   -897 
   144   -897   -897   -897 
  -897   -897    288   -897 
   144   -897   -897   -897 
  -897    226   -897     11 
   -88   -897    214    -89 
  -897     67    214    -89 
   112   -897   -897    -89 
  -897   -897    288   -897 
  -897     67   -897    111 
  -897    167   -897     69 
  -897   -897   -897    143 
  -897    299   -897   -897 
   144   -897   -897   -897 
   -88    267   -897   -897 
--------------------------------------------------------------------------------

--------------------------------------------------------------------------------
	Motif GAGAYGGAGTYTCAC MEME-3 position-specific probability matrix
--------------------------------------------------------------------------------
letter-probability matrix: alength= 4 w= 15 nsites= 5 E= 1.7e-001 
 0.000000  0.000000  1.000000  0.000000 
 1.000000  0.000000  0.000000  0.000000 
 0.000000  0.000000  1.000000  0.000000 
 1.000000  0.000000  0.000000  0.000000 
 0.000000  0.600000  0.000000  0.400000 
 0.200000  0.000000  0.600000  0.200000 
 0.000000  0.200000  0.600000  0.200000 
 0.800000  0.000000  0.000000  0.200000 
 0.000000  0.000000  1.000000  0.000000 
 0.000000  0.200000  0.000000  0.800000 
 0.000000  0.400000  0.000000  0.600000 
 0.000000  0.000000  0.000000  1.000000 
 0.000000  1.000000  0.000000  0.000000 
 1.000000  0.000000  0.000000  0.000000 
 0.200000  0.800000  0.000000  0.000000 
--------------------------------------------------------------------------------

--------------------------------------------------------------------------------
	Motif GAGAYGGAGTYTCAC MEME-3 regular expression
--------------------------------------------------------------------------------
GAGA[CT][GAT][GCT][AT]G[TC][TC]TCA[CA]
--------------------------------------------------------------------------------




Time 11.67 secs.

********************************************************************************


********************************************************************************
MOTIF ACACAYACACACRCA MEME-4	width =  15  sites =   5  llr = 83  E-value = 8.2e+000
********************************************************************************
--------------------------------------------------------------------------------
	Motif ACACAYACACACRCA MEME-4 Description
--------------------------------------------------------------------------------
Simplified        A  a:a:a:82a28:6:8
pos.-specific     C  :a:8:6:6:8:8:a2
probability       G  :::2::::::::4::
matrix            T  :::::422::22:::

         bits    3.0  *           * 
                 2.7  *           * 
                 2.4  * *         * 
                 2.1  * *     * * * 
Relative         1.8  * *     * * * 
Entropy          1.5 ******  ** * * 
(23.9 bits)      1.2 ******  ** * * 
                 0.9 ****** *** ****
                 0.6 ***************
                 0.3 ***************
                 0.0 ---------------

Multilevel           ACACACACACACACA
consensus               G TTA ATTG C
sequence                    T       
                                    
--------------------------------------------------------------------------------

--------------------------------------------------------------------------------
	Motif ACACAYACACACRCA MEME-4 sites sorted by position p-value
--------------------------------------------------------------------------------
Sequence name             Start   P-value                 Site    
-------------             ----- ---------            ---------------
33305                         3  2.40e-10         AC ACACACACACACACA GGGAACTCCA
33039                         1  2.40e-10          . ACACACACACACACA TTTTTTCTGT
33454                         6  3.20e-08      ACAAA ACACACAAACATGCA TAATAATAAT
33223                        15  6.64e-08 GTTTTATAAA ACACATTTACACACA TG        
33471                         3  1.80e-07         GA ACAGATACAATCGCC CAAGGGTAAT
--------------------------------------------------------------------------------

--------------------------------------------------------------------------------
	Motif ACACAYACACACRCA MEME-4 block diagrams
--------------------------------------------------------------------------------
SEQUENCE NAME            POSITION P-VALUE  MOTIF DIAGRAM
-------------            ----------------  -------------
33305                             2.4e-10  2_[+4]_14
33039                             2.4e-10  [+4]_16
33454                             3.2e-08  5_[+4]_11
33223                             6.6e-08  14_[+4]_2
33471                             1.8e-07  2_[+4]_14
--------------------------------------------------------------------------------

--------------------------------------------------------------------------------
	Motif ACACAYACACACRCA MEME-4 in BLOCKS format
--------------------------------------------------------------------------------
BL   MOTIF ACACAYACACACRCA width=15 seqs=5
33305                    (    3) ACACACACACACACA  1 
33039                    (    1) ACACACACACACACA  1 
33454                    (    6) ACACACAAACATGCA  1 
33223                    (   15) ACACATTTACACACA  1 
33471                    (    3) ACAGATACAATCGCC  1 
//

--------------------------------------------------------------------------------

--------------------------------------------------------------------------------
	Motif ACACAYACACACRCA MEME-4 position-specific scoring matrix
--------------------------------------------------------------------------------
log-odds matrix: alength= 4 w= 15 n= 9282 bayes= 11.8013 E= 8.2e+000 
   144   -897   -897   -897 
  -897    299   -897   -897 
   144   -897   -897   -897 
  -897    267     56   -897 
   144   -897   -897   -897 
  -897    226   -897     11 
   112   -897   -897    -89 
   -88    226   -897    -89 
   144   -897   -897   -897 
   -88    267   -897   -897 
   112   -897   -897    -89 
  -897    267   -897    -89 
    71   -897    156   -897 
  -897    299   -897   -897 
   112     67   -897   -897 
--------------------------------------------------------------------------------

--------------------------------------------------------------------------------
	Motif ACACAYACACACRCA MEME-4 position-specific probability matrix
--------------------------------------------------------------------------------
letter-probability matrix: alength= 4 w= 15 nsites= 5 E= 8.2e+000 
 1.000000  0.000000  0.000000  0.000000 
 0.000000  1.000000  0.000000  0.000000 
 1.000000  0.000000  0.000000  0.000000 
 0.000000  0.800000  0.200000  0.000000 
 1.000000  0.000000  0.000000  0.000000 
 0.000000  0.600000  0.000000  0.400000 
 0.800000  0.000000  0.000000  0.200000 
 0.200000  0.600000  0.000000  0.200000 
 1.000000  0.000000  0.000000  0.000000 
 0.200000  0.800000  0.000000  0.000000 
 0.800000  0.000000  0.000000  0.200000 
 0.000000  0.800000  0.000000  0.200000 
 0.600000  0.000000  0.400000  0.000000 
 0.000000  1.000000  0.000000  0.000000 
 0.800000  0.200000  0.000000  0.000000 
--------------------------------------------------------------------------------

--------------------------------------------------------------------------------
	Motif ACACAYACACACRCA MEME-4 regular expression
--------------------------------------------------------------------------------
ACA[CG]A[CT][AT][CAT]A[CA][AT][CT][AG]C[AC]
--------------------------------------------------------------------------------




Time 14.14 secs.

********************************************************************************


********************************************************************************
MOTIF CRATTYTCCTGTCTC MEME-5	width =  15  sites =   3  llr = 64  E-value = 1.1e+001
********************************************************************************
--------------------------------------------------------------------------------
	Motif CRATTYTCCTGTCTC MEME-5 Description
--------------------------------------------------------------------------------
Simplified        A  :3a::::::::::::
pos.-specific     C  a::::7:aa:::a:a
probability       G  :7::::::::a::::
matrix            T  :::aa3a::a:a:a:

         bits    3.0 *      ** * * *
                 2.7 *      ** * * *
                 2.4 *      ** * * *
                 2.1 *      ** * * *
Relative         1.8 *      ** * * *
Entropy          1.5 ***************
(30.9 bits)      1.2 ***************
                 0.9 ***************
                 0.6 ***************
                 0.3 ***************
                 0.0 ---------------

Multilevel           CGATTCTCCTGTCTC
consensus             A   T         
sequence                            
                                    
--------------------------------------------------------------------------------

--------------------------------------------------------------------------------
	Motif CRATTYTCCTGTCTC MEME-5 sites sorted by position p-value
--------------------------------------------------------------------------------
Sequence name             Start   P-value                 Site    
-------------             ----- ---------            ---------------
33338                        13  6.77e-11 TGGGTTCAAG CGATTCTCCTGTCTC AGCC      
33231                        17  6.77e-11 CAGGTTCAAG CGATTCTCCTGTCTC           
33191                         5  9.96e-10       CAAG CAATTTTCCTGTCTC AGCCTCCTGA
--------------------------------------------------------------------------------

--------------------------------------------------------------------------------
	Motif CRATTYTCCTGTCTC MEME-5 block diagrams
--------------------------------------------------------------------------------
SEQUENCE NAME            POSITION P-VALUE  MOTIF DIAGRAM
-------------            ----------------  -------------
33338                             6.8e-11  12_[+5]_4
33231                             6.8e-11  16_[+5]
33191                               1e-09  4_[+5]_12
--------------------------------------------------------------------------------

--------------------------------------------------------------------------------
	Motif CRATTYTCCTGTCTC MEME-5 in BLOCKS format
--------------------------------------------------------------------------------
BL   MOTIF CRATTYTCCTGTCTC width=15 seqs=3
33338                    (   13) CGATTCTCCTGTCTC  1 
33231                    (   17) CGATTCTCCTGTCTC  1 
33191                    (    5) CAATTTTCCTGTCTC  1 
//

--------------------------------------------------------------------------------

--------------------------------------------------------------------------------
	Motif CRATTYTCCTGTCTC MEME-5 position-specific scoring matrix
--------------------------------------------------------------------------------
log-odds matrix: alength= 4 w= 15 n= 9282 bayes= 11.2536 E= 1.1e+001 
  -823    299   -823   -823 
   -14   -823    229   -823 
   144   -823   -823   -823 
  -823   -823   -823    143 
  -823   -823   -823    143 
  -823    241   -823    -15 
  -823   -823   -823    143 
  -823    299   -823   -823 
  -823    299   -823   -823 
  -823   -823   -823    143 
  -823   -823    288   -823 
  -823   -823   -823    143 
  -823    299   -823   -823 
  -823   -823   -823    143 
  -823    299   -823   -823 
--------------------------------------------------------------------------------

--------------------------------------------------------------------------------
	Motif CRATTYTCCTGTCTC MEME-5 position-specific probability matrix
--------------------------------------------------------------------------------
letter-probability matrix: alength= 4 w= 15 nsites= 3 E= 1.1e+001 
 0.000000  1.000000  0.000000  0.000000 
 0.333333  0.000000  0.666667  0.000000 
 1.000000  0.000000  0.000000  0.000000 
 0.000000  0.000000  0.000000  1.000000 
 0.000000  0.000000  0.000000  1.000000 
 0.000000  0.666667  0.000000  0.333333 
 0.000000  0.000000  0.000000  1.000000 
 0.000000  1.000000  0.000000  0.000000 
 0.000000  1.000000  0.000000  0.000000 
 0.000000  0.000000  0.000000  1.000000 
 0.000000  0.000000  1.000000  0.000000 
 0.000000  0.000000  0.000000  1.000000 
 0.000000  1.000000  0.000000  0.000000 
 0.000000  0.000000  0.000000  1.000000 
 0.000000  1.000000  0.000000  0.000000 
--------------------------------------------------------------------------------

--------------------------------------------------------------------------------
	Motif CRATTYTCCTGTCTC MEME-5 regular expression
--------------------------------------------------------------------------------
C[GA]ATT[CT]TCCTGTCTC
--------------------------------------------------------------------------------




Time 16.51 secs.

********************************************************************************


********************************************************************************
MOTIF CACTGCACTCC MEME-6	width =  11  sites =   2  llr = 37  E-value = 1.3e+002
********************************************************************************
--------------------------------------------------------------------------------
	Motif CACTGCACTCC MEME-6 Description
--------------------------------------------------------------------------------
Simplified        A  :a::::a::::
pos.-specific     C  a:a::a:a:aa
probability       G  ::::a::::::
matrix            T  :::a::::a::

         bits    3.0 * * ** * **
                 2.7 * * ** * **
                 2.4 * * ** * **
                 2.1 * * ** * **
Relative         1.8 * * ** * **
Entropy          1.5 ***********
(26.6 bits)      1.2 ***********
                 0.9 ***********
                 0.6 ***********
                 0.3 ***********
                 0.0 -----------

Multilevel           CACTGCACTCC
consensus                       
sequence                        
                                
--------------------------------------------------------------------------------

--------------------------------------------------------------------------------
	Motif CACTGCACTCC MEME-6 sites sorted by position p-value
--------------------------------------------------------------------------------
Sequence name             Start   P-value               Site  
-------------             ----- ---------            -----------
33241                        17  9.67e-09 GAGATCATGC CACTGCACTCC AGCC      
33197                        21  9.67e-09 GAGACGGGGC CACTGCACTCC           
--------------------------------------------------------------------------------

--------------------------------------------------------------------------------
	Motif CACTGCACTCC MEME-6 block diagrams
--------------------------------------------------------------------------------
SEQUENCE NAME            POSITION P-VALUE  MOTIF DIAGRAM
-------------            ----------------  -------------
33241                             9.7e-09  16_[+6]_4
33197                             9.7e-09  20_[+6]
--------------------------------------------------------------------------------

--------------------------------------------------------------------------------
	Motif CACTGCACTCC MEME-6 in BLOCKS format
--------------------------------------------------------------------------------
BL   MOTIF CACTGCACTCC width=11 seqs=2
33241                    (   17) CACTGCACTCC  1 
33197                    (   21) CACTGCACTCC  1 
//

--------------------------------------------------------------------------------

--------------------------------------------------------------------------------
	Motif CACTGCACTCC MEME-6 position-specific scoring matrix
--------------------------------------------------------------------------------
log-odds matrix: alength= 4 w= 11 n= 11466 bayes= 12.4848 E= 1.3e+002 
  -765    299   -765   -765 
   144   -765   -765   -765 
  -765    299   -765   -765 
  -765   -765   -765    143 
  -765   -765    287   -765 
  -765    299   -765   -765 
   144   -765   -765   -765 
  -765    299   -765   -765 
  -765   -765   -765    143 
  -765    299   -765   -765 
  -765    299   -765   -765 
--------------------------------------------------------------------------------

--------------------------------------------------------------------------------
	Motif CACTGCACTCC MEME-6 position-specific probability matrix
--------------------------------------------------------------------------------
letter-probability matrix: alength= 4 w= 11 nsites= 2 E= 1.3e+002 
 0.000000  1.000000  0.000000  0.000000 
 1.000000  0.000000  0.000000  0.000000 
 0.000000  1.000000  0.000000  0.000000 
 0.000000  0.000000  0.000000  1.000000 
 0.000000  0.000000  1.000000  0.000000 
 0.000000  1.000000  0.000000  0.000000 
 1.000000  0.000000  0.000000  0.000000 
 0.000000  1.000000  0.000000  0.000000 
 0.000000  0.000000  0.000000  1.000000 
 0.000000  1.000000  0.000000  0.000000 
 0.000000  1.000000  0.000000  0.000000 
--------------------------------------------------------------------------------

--------------------------------------------------------------------------------
	Motif CACTGCACTCC MEME-6 regular expression
--------------------------------------------------------------------------------
CACTGCACTCC
--------------------------------------------------------------------------------




Time 18.84 secs.

********************************************************************************


********************************************************************************
SUMMARY OF MOTIFS
********************************************************************************

--------------------------------------------------------------------------------
	Combined block diagrams: non-overlapping sites with p-value < 0.0001
--------------------------------------------------------------------------------
SEQUENCE NAME            COMBINED P-VALUE  MOTIF DIAGRAM
-------------            ----------------  -------------
33028                            7.00e-01  31
33029                            9.71e-01  31
33030                            2.25e-01  31
33031                            2.24e-01  31
33032                            7.36e-01  31
33033                            5.93e-01  31
33034                            1.32e-01  11_[+1(2.52e-05)]_5
33035                            4.72e-01  31
33036                            6.59e-01  31
33037                            3.13e-01  31
33038                            8.42e-01  31
33039                            4.45e-07  [+4(2.40e-10)]_16
33040                            1.81e-01  31
33041                            6.13e-01  31
33042                            4.55e-01  31
33043                            3.64e-01  31
33044                            2.39e-01  31
33045                            7.97e-01  31
33046                            1.12e-02  31
33047                            1.48e-01  31
33048                            4.71e-01  31
33049                            8.80e-01  31
33050                            8.47e-01  31
33051                            1.53e-01  31
33052                            1.54e-01  31
33053                            5.01e-01  31
33054                            5.79e-01  31
33055                            2.64e-01  31
33056                            2.39e-01  31
33057                            8.87e-01  31
33058                            6.42e-01  31
33059                            4.39e-01  31
33060                            2.03e-01  9_[+1(6.11e-05)]_7
33061                            9.11e-01  31
33062                            8.96e-01  31
33063                            7.99e-02  31
33064                            9.73e-01  31
33065                            3.27e-01  31
33066                            8.35e-01  31
33067                            5.19e-01  31
33068                            3.85e-01  31
33069                            9.19e-01  31
33070                            4.00e-01  31
33071                            5.11e-01  31
33072                            6.52e-01  31
33073                            3.59e-04  [+1(5.03e-07)]_16
33074                            4.05e-01  31
33075                            9.33e-02  31
33076                            4.66e-01  31
33077                            8.65e-01  31
33078                            2.65e-02  7_[+1(1.41e-06)]_9
33079                            9.36e-01  31
33080                            6.14e-01  31
33081                            5.81e-01  31
33082                            1.91e-05  13_[+1(3.22e-06)]_3
33083                            2.06e-02  31
33084                            5.97e-01  31
33085                            2.64e-01  31
33086                            3.34e-01  31
33087                            2.99e-01  31
33088                            5.47e-01  31
33089                            9.61e-03  12_[+1(3.32e-05)]_4
33090                            3.48e-02  1_[+2(6.03e-05)]_15
33091                            4.88e-01  31
33092                            6.27e-01  31
33093                            5.97e-01  31
33094                            9.84e-01  31
33095                            3.42e-05  16_[+3(2.16e-09)]
33096                            1.06e-01  6_[+1(3.64e-05)]_10
33097                            8.16e-01  31
33098                            8.10e-01  31
33099                            2.05e-01  13_[+2(3.14e-05)]_3
33100                            9.55e-01  31
33101                            1.18e-01  12_[+2(4.47e-05)]_4
33102                            5.41e-01  31
33103                            6.82e-01  31
33104                            1.73e-01  31
33105                            2.05e-02  31
33106                            4.88e-01  31
33107                            9.64e-01  31
33108                            8.18e-01  31
33109                            2.69e-05  16_[+3(1.02e-09)]
33110                            7.44e-01  31
33111                            3.08e-01  31
33112                            8.04e-03  31
33113                            2.24e-08  8_[+6(9.67e-09)]_12
33114                            3.73e-01  31
33115                            8.69e-01  31
33116                            6.81e-01  31
33117                            1.06e-02  5_[+1(4.52e-06)]_11
33118                            5.54e-01  31
33119                            4.04e-01  31
33120                            6.31e-01  31
33121                            8.32e-01  31
33122                            6.26e-01  31
33123                            7.79e-01  31
33124                            6.00e-01  31
33125                            2.83e-01  31
33126                            5.34e-01  31
33127                            9.08e-01  31
33128                            8.63e-01  31
33129                            7.41e-01  31
33130                            8.01e-01  31
33131                            9.94e-01  31
33132                            6.39e-01  31
33133                            9.31e-01  31
33134                            6.23e-01  31
33135                            8.30e-01  31
33136                            4.14e-01  31
33137                            7.00e-01  31
33138                            9.80e-01  31
33139                            9.58e-01  31
33140                            3.71e-01  31
33141                            8.08e-01  31
33142                            8.73e-01  31
33143                            9.92e-01  31
33144                            8.36e-01  31
33145                            9.50e-01  31
33146                            6.66e-01  31
33147                            5.54e-01  31
33148                            6.35e-01  31
33149                            9.43e-01  31
33150                            8.59e-01  31
33151                            9.94e-01  31
33152                            4.40e-01  31
33153                            9.09e-01  31
33154                            3.38e-01  31
33155                            6.10e-01  31
33156                            1.99e-01  31
33157                            2.66e-01  31
33158                            7.45e-01  31
33159                            2.28e-01  31
33160                            2.65e-01  6_[+2(6.03e-05)]_10
33161                            1.62e-02  11_[+2(4.39e-07)]_5
33162                            1.58e-01  8_[+2(7.33e-05)]_8
33163                            1.13e-01  31
33164                            1.17e-01  10_[+2(3.49e-05)]_6
33165                            3.53e-01  31
33166                            1.80e-02  31
33167                            2.73e-02  7_[+2(1.83e-05)]_9
33168                            2.58e-01  7_[+2(5.27e-05)]_9
33169                            2.88e-02  12_[+2(7.17e-06)]_4
33170                            1.22e-01  13_[+2(6.32e-05)]_3
33171                            4.98e-01  31
33172                            8.57e-01  31
33173                            7.16e-01  31
33174                            5.73e-01  31
33175                            7.10e-01  31
33176                            7.54e-01  31
33177                            4.68e-01  31
33178                            6.14e-01  31
33179                            7.63e-01  31
33180                            8.26e-01  31
33181                            2.87e-01  31
33182                            7.49e-02  31
33183                            2.79e-01  31
33184                            5.73e-01  31
33185                            3.65e-02  31
33186                            8.77e-01  31
33187                            4.82e-01  31
33188                            3.50e-01  31
33189                            7.09e-01  31
33190                            4.97e-01  31
33191                            6.96e-07  4_[+5(9.96e-10)]_12
33192                            1.47e-02  31
33193                            1.58e-01  31
33194                            5.10e-01  31
33195                            9.59e-01  31
33196                            6.14e-01  31
33197                            3.11e-10  5_[+1(6.36e-08)]_[+6(9.67e-09)]
33198                            1.87e-01  31
33199                            6.02e-03  31
33200                            5.18e-01  31
33201                            7.43e-01  31
33202                            6.85e-01  31
33203                            9.83e-01  31
33204                            9.73e-01  31
33205                            4.60e-01  31
33206                            9.51e-01  31
33207                            4.53e-01  31
33208                            6.18e-01  31
33209                            8.44e-01  31
33210                            4.80e-01  31
33211                            5.12e-01  31
33212                            7.12e-01  31
33213                            4.99e-02  31
33214                            1.02e-01  31
33215                            5.26e-01  31
33216                            6.53e-01  31
33217                            3.28e-01  31
33218                            8.62e-01  31
33219                            8.40e-01  31
33220                            1.23e-01  31
33221                            5.22e-02  12_[+2(2.14e-05)]_4
33222                            9.90e-01  31
33223                            1.55e-04  14_[+4(6.64e-08)]_2
33224                            3.73e-01  31
33225                            3.01e-01  31
33226                            5.60e-01  31
33227                            1.11e-01  [+2(4.47e-05)]_16
33228                            8.40e-01  31
33229                            1.89e-01  31
33230                            8.78e-01  31
33231                            2.30e-09  1_[+1(3.64e-05)]_[+5(6.77e-11)]
33232                            8.41e-01  31
33233                            3.50e-01  31
33234                            9.61e-01  31
33235                            1.29e-01  5_[+2(6.03e-05)]_11
33236                            9.16e-01  31
33237                            8.53e-01  31
33238                            7.33e-01  31
33239                            4.08e-01  31
33240                            1.05e-02  31
33241                            7.97e-07  1_[+1(6.64e-05)]_[+6(9.67e-09)]_4
33242                            5.86e-01  31
33243                            8.57e-01  31
33244                            8.02e-01  31
33245                            2.74e-01  31
33246                            2.20e-01  31
33247                            5.88e-01  31
33248                            2.44e-01  31
33249                            4.06e-01  31
33250                            7.35e-01  31
33251                            5.46e-01  31
33252                            4.44e-01  31
33253                            8.70e-03  2_[+1(5.74e-07)]_14
33254                            2.53e-01  14_[+2(6.32e-05)]_2
33255                            7.51e-01  31
33256                            8.65e-01  31
33257                            6.62e-01  31
33258                            1.20e-01  [+2(7.33e-05)]_16
33259                            1.03e-04  7_[+1(4.39e-07)]_9
33260                            4.38e-01  31
33261                            4.86e-02  31
33262                            6.19e-02  31
33263                            3.49e-01  31
33264                            6.13e-01  31
33265                            7.24e-01  31
33266                            6.79e-01  31
33267                            5.64e-02  31
33268                            1.26e-01  5_[+1(7.83e-05)]_11
33269                            9.98e-02  [+1(2.09e-05)]_16
33270                            9.21e-01  31
33271                            1.16e-01  31
33272                            9.78e-01  31
33273                            7.81e-01  31
33274                            3.60e-02  31
33275                            7.68e-02  31
33276                            4.88e-02  31
33277                            8.12e-01  31
33278                            9.54e-01  31
33279                            3.07e-01  31
33280                            8.18e-01  31
33281                            1.63e-01  31
33282                            1.12e-01  31
33283                            9.16e-01  31
33284                            3.30e-03  [+1(2.30e-05)]_16
33285                            9.95e-01  31
33286                            5.17e-02  31
33287                            2.40e-01  31
33288                            2.80e-01  31
33289                            2.07e-01  31
33290                            1.39e-01  31
33291                            6.51e-01  31
33292                            8.29e-01  31
33293                            5.04e-01  31
33294                            8.30e-01  31
33295                            2.07e-01  31
33296                            4.55e-01  31
33297                            7.19e-01  31
33298                            7.99e-01  31
33299                            6.00e-01  31
33300                            7.70e-01  31
33301                            5.02e-01  31
33302                            2.61e-01  31
33303                            3.56e-02  [+1(1.17e-05)]_16
33304                            3.35e-05  14_[+1(1.39e-07)]_2
33305                            1.17e-08  [+4(2.40e-10)]_[+6(8.81e-05)]_5
33306                            4.04e-04  6_[+1(7.48e-08)]_10
33307                            9.93e-01  31
33308                            1.49e-01  31
33309                            7.01e-01  31
33310                            6.22e-01  31
33311                            6.06e-01  31
33312                            6.08e-01  31
33313                            7.48e-01  31
33314                            1.71e-02  31
33315                            6.81e-01  31
33316                            7.64e-01  31
33317                            5.87e-01  31
33318                            6.58e-01  31
33319                            1.14e-01  31
33320                            2.73e-02  7_[+1(3.04e-05)]_9
33321                            1.29e-01  4_[+2(1.46e-05)]_12
33322                            1.69e-01  31
33323                            2.56e-01  31
33324                            1.42e-01  31
33325                            9.87e-01  31
33326                            5.86e-01  31
33327                            5.18e-01  31
33328                            4.45e-02  31
33329                            8.64e-01  31
33330                            9.80e-01  31
33331                            4.58e-02  31
33332                            8.76e-01  31
33333                            1.63e-03  12_[+1(5.15e-05)]_4
33334                            7.66e-04  [+3(5.59e-08)]_16
33335                            9.94e-01  31
33336                            2.02e-01  31
33337                            8.75e-05  [+1(2.68e-09)]_16
33338                            7.35e-07  12_[+5(6.77e-11)]_4
33339                            5.98e-01  31
33340                            7.88e-01  31
33341                            6.02e-08  5_[+1(3.86e-08)]_11
33342                            9.70e-01  31
33343                            2.43e-02  2_[+1(2.30e-05)]_14
33344                            9.94e-01  31
33345                            8.76e-01  31
33346                            7.83e-01  31
33347                            1.79e-01  31
33348                            8.80e-01  31
33349                            2.38e-01  14_[+2(6.03e-05)]_2
33350                            5.98e-01  31
33351                            5.11e-01  31
33352                            2.86e-01  31
33353                            8.02e-01  31
33354                            2.62e-01  5_[+2(5.27e-05)]_11
33355                            7.01e-05  13_[+1(9.50e-06)]_3
33356                            2.90e-01  31
33357                            9.85e-01  31
33358                            3.33e-02  13_[+1(3.97e-05)]_3
33359                            9.23e-01  31
33360                            8.28e-01  31
33361                            8.12e-01  31
33362                            7.97e-02  4_[+2(4.96e-06)]_12
33363                            1.22e-01  12_[+2(1.71e-05)]_4
33364                            6.39e-01  31
33365                            7.17e-01  31
33366                            6.43e-01  31
33367                            3.96e-01  31
33368                            1.78e-01  31
33369                            5.57e-01  31
33370                            3.63e-01  31
33371                            8.67e-02  31
33372                            9.60e-01  31
33373                            6.68e-01  31
33374                            7.29e-01  31
33375                            7.07e-01  31
33376                            5.52e-01  31
33377                            6.24e-01  31
33378                            2.16e-01  31
33379                            3.57e-01  31
33380                            1.52e-02  31
33381                            2.73e-01  31
33382                            1.46e-01  31
33383                            8.33e-01  31
33384                            7.98e-07  7_[+3(1.15e-09)]_9
33385                            7.43e-02  31
33386                            7.18e-01  31
33387                            1.85e-01  31
33388                            2.77e-01  31
33389                            1.09e-02  13_[+2(7.17e-06)]_3
33390                            4.44e-01  31
33391                            9.43e-01  31
33392                            4.69e-02  31
33393                            2.08e-01  31
33394                            5.14e-01  31
33395                            5.30e-01  31
33396                            9.08e-01  31
33397                            2.91e-01  31
33398                            1.40e-03  3_[+1(9.50e-06)]_13
33399                            7.79e-01  31
33400                            4.89e-01  31
33401                            1.71e-01  31
33402                            9.71e-01  31
33403                            5.81e-01  31
33404                            4.42e-01  31
33405                            6.18e-06  10_[+3(1.02e-09)]_6
33406                            6.72e-01  31
33407                            5.67e-01  31
33408                            3.98e-01  31
33409                            7.48e-01  31
33410                            4.51e-01  31
33411                            5.00e-01  31
33412                            5.49e-04  2_[+1(1.90e-05)]_14
33413                            4.41e-01  31
33414                            8.98e-01  31
33415                            1.83e-01  31
33416                            9.65e-03  31
33417                            9.76e-01  31
33418                            7.25e-02  12_[+2(2.14e-05)]_4
33419                            5.28e-02  11_[+2(5.27e-05)]_5
33420                            5.98e-01  31
33421                            1.19e-01  31
33422                            8.86e-01  31
33423                            5.24e-01  31
33424                            6.81e-01  31
33425                            5.65e-01  31
33426                            9.26e-01  31
33427                            8.76e-01  31
33428                            2.95e-01  31
33429                            2.10e-01  31
33430                            9.03e-01  31
33431                            7.97e-01  31
33432                            1.51e-01  31
33433                            9.07e-01  31
33434                            4.08e-01  31
33435                            3.67e-01  31
33436                            3.56e-01  31
33437                            4.87e-01  31
33438                            5.40e-01  31
33439                            6.73e-01  31
33440                            5.77e-02  31
33441                            7.14e-02  31
33442                            1.90e-01  31
33443                            5.20e-01  31
33444                            1.93e-01  31
33445                            3.82e-01  31
33446                            7.08e-01  31
33447                            5.15e-01  31
33448                            9.42e-01  31
33449                            4.93e-01  31
33450                            3.12e-01  31
33451                            2.98e-01  31
33452                            5.00e-02  31
33453                            5.68e-01  31
33454                            2.77e-04  5_[+4(3.20e-08)]_11
33455                            6.41e-01  31
33456                            6.98e-02  31
33457                            7.61e-01  31
33458                            9.80e-01  31
33459                            9.16e-01  31
33460                            2.75e-01  31
33461                            4.01e-02  9_[+2(1.46e-05)]_7
33462                            9.16e-01  31
33463                            3.10e-01  10_[+2(7.33e-05)]_6
33464                            2.87e-03  10_[+1(7.46e-07)]_6
33465                            6.56e-01  31
33466                            8.77e-01  31
33467                            4.78e-01  31
33468                            9.01e-02  6_[+2(7.17e-06)]_10
33469                            4.58e-02  31
33470                            6.23e-01  31
33471                            8.36e-05  2_[+4(1.80e-07)]_14
33472                            1.41e-01  31
33473                            4.04e-01  31
33474                            4.19e-01  31
33475                            7.51e-01  31
33476                            9.28e-01  31
33477                            1.76e-01  31
33478                            9.91e-02  31
33479                            8.53e-01  31
33480                            5.45e-01  31
33481                            3.35e-01  31
33482                            6.48e-01  31
33483                            8.63e-01  31
33484                            3.55e-01  31
33485                            4.17e-01  31
33486                            8.19e-01  31
33487                            3.46e-01  31
33488                            9.96e-01  31
33489                            3.24e-01  31
33490                            2.93e-01  31
33491                            7.66e-01  31
33492                            6.16e-01  31
33493                            4.45e-01  31
33494                            3.49e-01  31
33495                            1.87e-02  8_[+1(2.30e-05)]_8
33496                            5.53e-01  31
33497                            9.16e-03  4_[+1(1.90e-05)]_12
33498                            1.56e-01  31
33499                            9.47e-01  31
33500                            2.05e-01  31
33501                            3.43e-01  31
33502                            1.20e-01  3_[+1(5.61e-05)]_13
33503                            8.90e-01  31
33504                            9.61e-01  31
33505                            9.22e-01  31
33506                            1.92e-01  12_[+2(2.49e-05)]_4
33507                            1.43e-01  1_[+1(3.32e-05)]_15
33508                            6.29e-01  31
33509                            9.88e-01  31
33510                            9.18e-01  31
33511                            9.50e-01  31
33512                            3.38e-01  31
33513                            1.38e-01  1_[+2(6.03e-05)]_15
33514                            4.67e-01  31
33515                            8.37e-01  31
33516                            1.51e-01  31
33517                            5.11e-02  31
33518                            3.27e-01  31
33519                            4.13e-01  31
33520                            6.95e-01  31
33521                            2.87e-01  31
33522                            5.38e-01  31
33523                            3.01e-01  31
33524                            9.64e-01  31
33525                            5.52e-01  31
33526                            4.59e-01  31
33527                            6.08e-01  31
33528                            6.66e-01  31
33529                            1.16e-03  7_[+1(6.96e-06)]_9
33530                            5.34e-01  31
33531                            1.29e-01  31
33532                            7.46e-01  31
33533                            7.40e-01  31
33534                            1.06e-01  31
33535                            7.45e-01  31
33536                            8.75e-02  31
33537                            9.07e-01  31
33538                            7.80e-01  31
33539                            2.25e-02  6_[+2(4.96e-06)]_10
33540                            9.78e-02  1_[+2(8.44e-05)]_15
33541                            2.05e-01  5_[+2(6.32e-05)]_11
33542                            6.30e-01  31
33543                            5.51e-01  31
33544                            6.62e-01  31
33545                            1.80e-01  31
33546                            3.00e-01  31
33547                            9.86e-01  31
33548                            2.22e-03  10_[+1(1.17e-05)]_6
33549                            6.65e-01  31
33550                            7.25e-02  6_[+2(7.17e-06)]_10
33551                            1.60e-01  31
33552                            6.10e-01  31
33553                            5.37e-01  31
33554                            3.96e-01  31
33555                            8.49e-02  31
33556                            8.80e-02  5_[+2(5.27e-05)]_11
33557                            1.03e-01  15_[+2(6.03e-05)]_1
33558                            9.25e-02  31
33559                            5.46e-01  31
33560                            3.49e-01  31
33561                            4.89e-01  31
33562                            6.29e-01  31
33563                            1.34e-01  31
33564                            1.13e-01  31
33565                            9.03e-01  31
33566                            1.22e-01  31
33567                            6.38e-01  31
33568                            9.37e-01  31
33569                            5.83e-01  31
33570                            7.39e-01  31
33571                            4.97e-01  31
33572                            4.56e-02  16_[+2(3.14e-05)]
33573                            8.11e-01  31
--------------------------------------------------------------------------------

********************************************************************************


********************************************************************************
Stopped because requested number of motifs (6) found.
********************************************************************************

CPU: fedora

********************************************************************************
