********************************************************************************
MEME - Motif discovery tool
********************************************************************************
MEME version 5.5.5 (Release date: Thu Sep 14 08:48:04 2023 +1000)

For further information on how to interpret these results please access https://meme-suite.org/meme.
To get a copy of the MEME Suite software please access https://meme-suite.org.

********************************************************************************


********************************************************************************
REFERENCE
********************************************************************************
If you use this program in your research, please cite:

Timothy L. Bailey and Charles Elkan,
"Fitting a mixture model by expectation maximization to
discover motifs in biopolymers",
Proceedings of the Second International Conference on Intelligent Systems
for Molecular Biology, pp. 28-36, AAAI Press, Menlo Park, California, 1994.
********************************************************************************


********************************************************************************
TRAINING SET
********************************************************************************
PRIMARY SEQUENCES= meme_comparison/data/tmp_memedir_lb/FALSE_TRUE_FALSE_5_NA_NA_TRUE_53_98/NACC2.fasta
CONTROL SEQUENCES= --none--
ALPHABET= ACGT
Sequence name            Weight Length  Sequence name            Weight Length  
-------------            ------ ------  -------------            ------ ------  
2056                     1.0000     11  2057                     1.0000     11  
2058                     1.0000     11  2059                     1.0000     11  
2060                     1.0000     11  2061                     1.0000     11  
2062                     1.0000     11  2063                     1.0000     11  
2064                     1.0000     11  2065                     1.0000     11  
2066                     1.0000     11  2067                     1.0000     11  
2068                     1.0000     11  2069                     1.0000     11  
2070                     1.0000     11  2071                     1.0000     11  
2072                     1.0000     11  2073                     1.0000     11  
2074                     1.0000     11  2075                     1.0000     11  
2076                     1.0000     11  2077                     1.0000     11  
2078                     1.0000     11  2079                     1.0000     11  
2080                     1.0000     11  2081                     1.0000     11  
2082                     1.0000     11  2083                     1.0000     11  
2084                     1.0000     11  2085                     1.0000     11  
2086                     1.0000     11  2087                     1.0000     11  
2088                     1.0000     11  2089                     1.0000     11  
2090                     1.0000     11  2091                     1.0000     11  
2092                     1.0000     11  2093                     1.0000     11  
2094                     1.0000     11  2095                     1.0000     11  
2096                     1.0000     11  2097                     1.0000     11  
2098                     1.0000     11  2099                     1.0000     11  
2100                     1.0000     11  2101                     1.0000     11  
2102                     1.0000     11  2103                     1.0000     11  
2104                     1.0000     11  2105                     1.0000     11  
2106                     1.0000     11  2107                     1.0000     11  
2108                     1.0000     11  2109                     1.0000     11  
2110                     1.0000     11  2111                     1.0000     11  
2112                     1.0000     11  2113                     1.0000     11  
2114                     1.0000     11  2115                     1.0000     11  
2116                     1.0000     11  2117                     1.0000     11  
2118                     1.0000     11  2119                     1.0000     11  
2120                     1.0000     11  2121                     1.0000     11  
2122                     1.0000     11  2123                     1.0000     11  
2124                     1.0000     11  2125                     1.0000     11  
2126                     1.0000     11  2127                     1.0000     11  
2128                     1.0000     11  2129                     1.0000     11  
2130                     1.0000     11  2131                     1.0000     11  
2132                     1.0000     11  2133                     1.0000     11  
2134                     1.0000     11  2135                     1.0000     11  
2136                     1.0000     11  2137                     1.0000     11  
2138                     1.0000     11  2139                     1.0000     11  
2140                     1.0000     11  2141                     1.0000     11  
2142                     1.0000     11  2143                     1.0000     11  
2144                     1.0000     11  2145                     1.0000     11  
2146                     1.0000     11  2147                     1.0000     11  
2148                     1.0000     11  2149                     1.0000     11  
2150                     1.0000     11  2151                     1.0000     11  
2152                     1.0000     11  2153                     1.0000     11  
2154                     1.0000     11  2155                     1.0000     11  
2156                     1.0000     11  2157                     1.0000     11  
2158                     1.0000     11  2159                     1.0000     11  
2160                     1.0000     11  2161                     1.0000     11  
2162                     1.0000     11  2163                     1.0000     11  
2164                     1.0000     11  2165                     1.0000     11  
2166                     1.0000     11  2167                     1.0000     11  
2168                     1.0000     11  2169                     1.0000     11  
2170                     1.0000     11  2171                     1.0000     11  
2172                     1.0000     11  2173                     1.0000     11  
2174                     1.0000     11  2175                     1.0000     11  
2176                     1.0000     11  2177                     1.0000     11  
2178                     1.0000     11  2179                     1.0000     11  
2180                     1.0000     11  2181                     1.0000     11  
2182                     1.0000     11  2183                     1.0000     11  
2184                     1.0000     11  2185                     1.0000     11  
2186                     1.0000     11  2187                     1.0000     11  
2188                     1.0000     11  2189                     1.0000     11  
2190                     1.0000     11  2191                     1.0000     11  
2192                     1.0000     11  2193                     1.0000     11  
2194                     1.0000     11  2195                     1.0000     11  
2196                     1.0000     11  2197                     1.0000     11  
2198                     1.0000     11  2199                     1.0000     11  
2200                     1.0000     11  2201                     1.0000     11  
2202                     1.0000     11  2203                     1.0000     11  
2204                     1.0000     11  2205                     1.0000     11  
2206                     1.0000     11  2207                     1.0000     11  
2208                     1.0000     11  2209                     1.0000     11  
2210                     1.0000     11  2211                     1.0000     11  
2212                     1.0000     11  2213                     1.0000     11  
2214                     1.0000     11  2215                     1.0000     11  
2216                     1.0000     11  2217                     1.0000     11  
2218                     1.0000     11  2219                     1.0000     11  
2220                     1.0000     11  2221                     1.0000     11  
2222                     1.0000     11  2223                     1.0000     11  
2224                     1.0000     11  2225                     1.0000     11  
2226                     1.0000     11  2227                     1.0000     11  
2228                     1.0000     11  2229                     1.0000     11  
2230                     1.0000     11  2231                     1.0000     11  
2232                     1.0000     11  2233                     1.0000     11  
2234                     1.0000     11  2235                     1.0000     11  
2236                     1.0000     11  2237                     1.0000     11  
2238                     1.0000     11  2239                     1.0000     11  
2240                     1.0000     11  2241                     1.0000     11  
2242                     1.0000     11  2243                     1.0000     11  
2244                     1.0000     11  2245                     1.0000     11  
2246                     1.0000     11  2247                     1.0000     11  
2248                     1.0000     11  2249                     1.0000     11  
2250                     1.0000     11  2251                     1.0000     11  
2252                     1.0000     11  2253                     1.0000     11  
2254                     1.0000     11  2255                     1.0000     11  
2256                     1.0000     11  2257                     1.0000     11  
2258                     1.0000     11  2259                     1.0000     11  
2260                     1.0000     11  2261                     1.0000     11  
2262                     1.0000     11  2263                     1.0000     11  
2264                     1.0000     11  2265                     1.0000     11  
2266                     1.0000     11  2267                     1.0000     11  
2268                     1.0000     11  2269                     1.0000     11  
2270                     1.0000     11  2271                     1.0000     11  
2272                     1.0000     11  2273                     1.0000     11  
2274                     1.0000     11  2275                     1.0000     11  
2276                     1.0000     11  2277                     1.0000     11  
2278                     1.0000     11  2279                     1.0000     11  
2280                     1.0000     11  2281                     1.0000     11  
2282                     1.0000     11  2283                     1.0000     11  
2284                     1.0000     11  2285                     1.0000     11  
2286                     1.0000     11  2287                     1.0000     11  
2288                     1.0000     11  2289                     1.0000     11  
2290                     1.0000     11  2291                     1.0000     11  
2292                     1.0000     11  2293                     1.0000     11  
2294                     1.0000     11  2295                     1.0000     11  
2296                     1.0000     11  2297                     1.0000     11  
2298                     1.0000     11  2299                     1.0000     11  
2300                     1.0000     11  2301                     1.0000     11  
2302                     1.0000     11  2303                     1.0000     11  
2304                     1.0000     11  2305                     1.0000     11  
2306                     1.0000     11  2307                     1.0000     11  
2308                     1.0000     11  2309                     1.0000     11  
2310                     1.0000     11  2311                     1.0000     11  
2312                     1.0000     11  2313                     1.0000     11  
2314                     1.0000     11  2315                     1.0000     11  
2316                     1.0000     11  2317                     1.0000     11  
2318                     1.0000     11  2319                     1.0000     11  
2320                     1.0000     11  2321                     1.0000     11  
2322                     1.0000     11  2323                     1.0000     11  
2324                     1.0000     11  2325                     1.0000     11  
2326                     1.0000     11  2327                     1.0000     11  
2328                     1.0000     11  2329                     1.0000     11  
2330                     1.0000     11  2331                     1.0000     11  
2332                     1.0000     11  2333                     1.0000     11  
2334                     1.0000     11  2335                     1.0000     11  
2336                     1.0000     11  2337                     1.0000     11  
2338                     1.0000     11  2339                     1.0000     11  
2340                     1.0000     11  2341                     1.0000     11  
2342                     1.0000     11  2343                     1.0000     11  
2344                     1.0000     11  2345                     1.0000     11  
2346                     1.0000     11  2347                     1.0000     11  
2348                     1.0000     11  2349                     1.0000     11  
2350                     1.0000     11  2351                     1.0000     11  
2352                     1.0000     11  2353                     1.0000     11  
2354                     1.0000     11  2355                     1.0000     11  
2356                     1.0000     11  2357                     1.0000     11  
2358                     1.0000     11  2359                     1.0000     11  
2360                     1.0000     11  2361                     1.0000     11  
2362                     1.0000     11  2363                     1.0000     11  
2364                     1.0000     11  2365                     1.0000     11  
2366                     1.0000     11  2367                     1.0000     11  
2368                     1.0000     11  2369                     1.0000     11  
2370                     1.0000     11  2371                     1.0000     11  
2372                     1.0000     11  2373                     1.0000     11  
2374                     1.0000     11  2375                     1.0000     11  
2376                     1.0000     11  2377                     1.0000     11  
2378                     1.0000     11  2379                     1.0000     11  
2380                     1.0000     11  2381                     1.0000     11  
2382                     1.0000     11  2383                     1.0000     11  
2384                     1.0000     11  2385                     1.0000     11  
2386                     1.0000     11  2387                     1.0000     11  
2388                     1.0000     11  2389                     1.0000     11  
2390                     1.0000     11  2391                     1.0000     11  
2392                     1.0000     11  2393                     1.0000     11  
2394                     1.0000     11  2395                     1.0000     11  
2396                     1.0000     11  2397                     1.0000     11  
2398                     1.0000     11  2399                     1.0000     11  
2400                     1.0000     11  2401                     1.0000     11  
2402                     1.0000     11  2403                     1.0000     11  
2404                     1.0000     11  2405                     1.0000     11  
2406                     1.0000     11  2407                     1.0000     11  
2408                     1.0000     11  2409                     1.0000     11  
2410                     1.0000     11  2411                     1.0000     11  
2412                     1.0000     11  2413                     1.0000     11  
2414                     1.0000     11  2415                     1.0000     11  
2416                     1.0000     11  2417                     1.0000     11  
2418                     1.0000     11  2419                     1.0000     11  
2420                     1.0000     11  2421                     1.0000     11  
2422                     1.0000     11  2423                     1.0000     11  
2424                     1.0000     11  2425                     1.0000     11  
2426                     1.0000     11  2427                     1.0000     11  
2428                     1.0000     11  2429                     1.0000     11  
2430                     1.0000     11  2431                     1.0000     11  
2432                     1.0000     11  2433                     1.0000     11  
2434                     1.0000     11  2435                     1.0000     11  
2436                     1.0000     11  2437                     1.0000     11  
2438                     1.0000     11  2439                     1.0000     11  
2440                     1.0000     11  2441                     1.0000     11  
2442                     1.0000     11  2443                     1.0000     11  
2444                     1.0000     11  2445                     1.0000     11  
2446                     1.0000     11  2447                     1.0000     11  
2448                     1.0000     11  2449                     1.0000     11  
2450                     1.0000     11  2451                     1.0000     11  
2452                     1.0000     11  2453                     1.0000     11  
2454                     1.0000     11  2455                     1.0000     11  
2456                     1.0000     11  2457                     1.0000     11  
2458                     1.0000     11  2459                     1.0000     11  
2460                     1.0000     11  2461                     1.0000     11  
2462                     1.0000     11  2463                     1.0000     11  
2464                     1.0000     11  2465                     1.0000     11  
2466                     1.0000     11  2467                     1.0000     11  
2468                     1.0000     11  2469                     1.0000     11  
2470                     1.0000     11  2471                     1.0000     11  
2472                     1.0000     11  2473                     1.0000     11  
2474                     1.0000     11  2475                     1.0000     11  
2476                     1.0000     11  2477                     1.0000     11  
2478                     1.0000     11  2479                     1.0000     11  
2480                     1.0000     11  2481                     1.0000     11  
2482                     1.0000     11  2483                     1.0000     11  
2484                     1.0000     11  2485                     1.0000     11  
2486                     1.0000     11  2487                     1.0000     11  
2488                     1.0000     11  2489                     1.0000     11  
2490                     1.0000     11  2491                     1.0000     11  
2492                     1.0000     11  2493                     1.0000     11  
2494                     1.0000     11  2495                     1.0000     11  
2496                     1.0000     11  2497                     1.0000     11  
2498                     1.0000     11  2499                     1.0000     11  
2500                     1.0000     11  2501                     1.0000     11  
2502                     1.0000     11  2503                     1.0000     11  
2504                     1.0000     11  2505                     1.0000     11  
2506                     1.0000     11  2507                     1.0000     11  
2508                     1.0000     11  2509                     1.0000     11  
2510                     1.0000     11  2511                     1.0000     11  
2512                     1.0000     11  2513                     1.0000     11  
2514                     1.0000     11  2515                     1.0000     11  
2516                     1.0000     11  2517                     1.0000     11  
2518                     1.0000     11  2519                     1.0000     11  
2520                     1.0000     11  2521                     1.0000     11  
2522                     1.0000     11  2523                     1.0000     11  
2524                     1.0000     11  2525                     1.0000     11  
2526                     1.0000     11  2527                     1.0000     11  
2528                     1.0000     11  2529                     1.0000     11  
2530                     1.0000     11  2531                     1.0000     11  
2532                     1.0000     11  2533                     1.0000     11  
2534                     1.0000     11  2535                     1.0000     11  
2536                     1.0000     11  2537                     1.0000     11  
2538                     1.0000     11  2539                     1.0000     11  
2540                     1.0000     11  2541                     1.0000     11  
2542                     1.0000     11  2543                     1.0000     11  
2544                     1.0000     11  2545                     1.0000     11  
2546                     1.0000     11  2547                     1.0000     11  
2548                     1.0000     11  2549                     1.0000     11  
2550                     1.0000     11  2551                     1.0000     11  
2552                     1.0000     11  2553                     1.0000     11  
2554                     1.0000     11  2555                     1.0000     11  
2556                     1.0000     11  2557                     1.0000     11  
2558                     1.0000     11  2559                     1.0000     11  
2560                     1.0000     11  2561                     1.0000     11  
2562                     1.0000     11  2563                     1.0000     11  
2564                     1.0000     11  2565                     1.0000     11  
2566                     1.0000     11  2567                     1.0000     11  
2568                     1.0000     11  2569                     1.0000     11  
2570                     1.0000     11  2571                     1.0000     11  
2572                     1.0000     11  2573                     1.0000     11  
2574                     1.0000     11  2575                     1.0000     11  
2576                     1.0000     11  2577                     1.0000     11  
2578                     1.0000     11  2579                     1.0000     11  
2580                     1.0000     11  2581                     1.0000     11  
2582                     1.0000     11  2583                     1.0000     11  
2584                     1.0000     11  2585                     1.0000     11  
2586                     1.0000     11  2587                     1.0000     11  
2588                     1.0000     11  2589                     1.0000     11  
2590                     1.0000     11  2591                     1.0000     11  
2592                     1.0000     11  2593                     1.0000     11  
2594                     1.0000     11  2595                     1.0000     11  
2596                     1.0000     11  2597                     1.0000     11  
2598                     1.0000     11  2599                     1.0000     11  
2600                     1.0000     11  2601                     1.0000     11  
2602                     1.0000     11  2603                     1.0000     11  
2604                     1.0000     11  2605                     1.0000     11  
2606                     1.0000     11  2607                     1.0000     11  
2608                     1.0000     11  2609                     1.0000     11  
2610                     1.0000     11  2611                     1.0000     11  
2612                     1.0000     11  2613                     1.0000     11  
2614                     1.0000     11  2615                     1.0000     11  
2616                     1.0000     11  2617                     1.0000     11  
2618                     1.0000     11  2619                     1.0000     11  
2620                     1.0000     11  2621                     1.0000     11  
2622                     1.0000     11  2623                     1.0000     11  
2624                     1.0000     11  2625                     1.0000     11  
2626                     1.0000     11  2627                     1.0000     11  
2628                     1.0000     11  2629                     1.0000     11  
2630                     1.0000     11  2631                     1.0000     11  
2632                     1.0000     11  2633                     1.0000     11  
2634                     1.0000     11  2635                     1.0000     11  
2636                     1.0000     11  2637                     1.0000     11  
2638                     1.0000     11  2639                     1.0000     11  
2640                     1.0000     11  2641                     1.0000     11  
2642                     1.0000     11  2643                     1.0000     11  
2644                     1.0000     11  2645                     1.0000     11  
2646                     1.0000     11  2647                     1.0000     11  
2648                     1.0000     11  2649                     1.0000     11  
2650                     1.0000     11  2651                     1.0000     11  
2652                     1.0000     11  2653                     1.0000     11  
2654                     1.0000     11  2655                     1.0000     11  
2656                     1.0000     11  2657                     1.0000     11  
2658                     1.0000     11  2659                     1.0000     11  
2660                     1.0000     11  2661                     1.0000     11  
2662                     1.0000     11  2663                     1.0000     11  
2664                     1.0000     11  2665                     1.0000     11  
2666                     1.0000     11  2667                     1.0000     11  
2668                     1.0000     11  2669                     1.0000     11  
2670                     1.0000     11  2671                     1.0000     11  
2672                     1.0000     11  2673                     1.0000     11  
2674                     1.0000     11  2675                     1.0000     11  
2676                     1.0000     11  2677                     1.0000     11  
2678                     1.0000     11  2679                     1.0000     11  
2680                     1.0000     11  2681                     1.0000     11  
2682                     1.0000     11  2683                     1.0000     11  
2684                     1.0000     11  2685                     1.0000     11  
2686                     1.0000     11  2687                     1.0000     11  
2688                     1.0000     11  2689                     1.0000     11  
2690                     1.0000     11  2691                     1.0000     11  
2692                     1.0000     11  2693                     1.0000     11  
2694                     1.0000     11  2695                     1.0000     11  
2696                     1.0000     11  2697                     1.0000     11  
2698                     1.0000     11  2699                     1.0000     11  
2700                     1.0000     11  2701                     1.0000     11  
2702                     1.0000     11  2703                     1.0000     11  
2704                     1.0000     11  2705                     1.0000     11  
2706                     1.0000     11  2707                     1.0000     11  
2708                     1.0000     11  2709                     1.0000     11  
2710                     1.0000     11  2711                     1.0000     11  
2712                     1.0000     11  2713                     1.0000     11  
2714                     1.0000     11  2715                     1.0000     11  
2716                     1.0000     11  2717                     1.0000     11  
2718                     1.0000     11  2719                     1.0000     11  
2720                     1.0000     11  2721                     1.0000     11  
2722                     1.0000     11  2723                     1.0000     11  
2724                     1.0000     11  2725                     1.0000     11  
2726                     1.0000     11  2727                     1.0000     11  
2728                     1.0000     11  2729                     1.0000     11  
2730                     1.0000     11  2731                     1.0000     11  
2732                     1.0000     11  2733                     1.0000     11  
2734                     1.0000     11  2735                     1.0000     11  
********************************************************************************

********************************************************************************
COMMAND LINE SUMMARY
********************************************************************************
This information can also be useful in the event you wish to report a
problem with the MEME software.

command: meme meme_comparison/data/tmp_memedir_lb/FALSE_TRUE_FALSE_5_NA_NA_TRUE_53_98/NACC2.fasta -oc meme_comparison/data/tmp_memedir_lb/FALSE_TRUE_FALSE_5_NA_NA_TRUE_53_98/NACC2 -nmotifs 6 -dna -maxw 30 -p 7 -seed 53 -revcomp 

model:  mod=         zoops    nmotifs=         6    evt=           inf
objective function:           em=       E-value of product of p-values
                              starts=   E-value of product of p-values
strands: + -
width:  minw=            8    maxw=           11
nsites: minsites=        2    maxsites=      680    wnsites=       0.8
theta:  spmap=         uni    spfuzz=        0.5
em:     prior=   dirichlet    b=            0.01    maxiter=        50
        distance=    1e-05
trim:   wg=             11    ws=              1    endgaps=       yes
data:   n=            7480    N=             680
sample: seed=           53    hsfrac=          0
        searchsize=   7480    norand=         no    csites=       1000
Letter frequencies in dataset:
A 0.269 C 0.231 G 0.231 T 0.269 
Background letter frequencies (from file dataset with add-one prior applied):
A 0.269 C 0.231 G 0.231 T 0.269 
Background model order: 0
********************************************************************************


********************************************************************************
MOTIF ATGYGTKSYKC MEME-1	width =  11  sites =  14  llr = 115  E-value = 6.3e+002
********************************************************************************
--------------------------------------------------------------------------------
	Motif ATGYGTKSYKC MEME-1 Description
--------------------------------------------------------------------------------
Simplified        A  9:1:11:::::
pos.-specific     C  1:141114627
probability       G  ::8:7:36:5:
matrix            T  :a:6:76:433

         bits    2.1            
                 1.9  *         
                 1.7  *         
                 1.5 **         
Relative         1.3 **     *  *
Entropy          1.1 ****   ** *
(11.9 bits)      0.8 ****** ** *
                 0.6 ***********
                 0.4 ***********
                 0.2 ***********
                 0.0 -----------

Multilevel           ATGTGTTGCGC
consensus               C  GCTTT
sequence                      C 
                                
--------------------------------------------------------------------------------

--------------------------------------------------------------------------------
	Motif ATGYGTKSYKC MEME-1 sites sorted by position p-value
--------------------------------------------------------------------------------
Sequence name            Strand  Start   P-value               Site  
-------------            ------  ----- ---------            -----------
2578                         +      1  1.29e-06          . ATGTGTTGCTC           
2510                         -      1  4.54e-06          . ATGTGTGGCTC           
2451                         +      1  6.03e-06          . ATGTGTTGTGT           
2200                         +      1  1.12e-05          . ATGCGTTCCCC           
2475                         +      1  1.94e-05          . ATATGTTGTGC           
2694                         +      1  5.57e-05          . ATGTGATGTGT           
2508                         +      1  7.98e-05          . ATGCCCTGCGC           
2555                         +      1  1.09e-04          . ATGCAATGCGC           
2089                         +      1  1.09e-04          . ATGTGTCCCCT           
2326                         +      1  1.28e-04          . ATCCGTTGTTC           
2287                         +      1  1.60e-04          . ATGCATGCCCC           
2678                         +      1  1.71e-04          . ATGTCTGCTGT           
2653                         +      1  2.08e-04          . ATATGCCGCGC           
2421                         -      1  2.38e-04          . CTGTGTGCTTC           
--------------------------------------------------------------------------------

--------------------------------------------------------------------------------
	Motif ATGYGTKSYKC MEME-1 block diagrams
--------------------------------------------------------------------------------
SEQUENCE NAME            POSITION P-VALUE  MOTIF DIAGRAM
-------------            ----------------  -------------
2578                              1.3e-06  [+1]
2510                              4.5e-06  [-1]
2451                                6e-06  [+1]
2200                              1.1e-05  [+1]
2475                              1.9e-05  [+1]
2694                              5.6e-05  [+1]
2508                                8e-05  [+1]
2555                              0.00011  [+1]
2089                              0.00011  [+1]
2326                              0.00013  [+1]
2287                              0.00016  [+1]
2678                              0.00017  [+1]
2653                              0.00021  [+1]
2421                              0.00024  [-1]
--------------------------------------------------------------------------------

--------------------------------------------------------------------------------
	Motif ATGYGTKSYKC MEME-1 in BLOCKS format
--------------------------------------------------------------------------------
BL   MOTIF ATGYGTKSYKC width=11 seqs=14
2578                     (    1) ATGTGTTGCTC  1 
2510                     (    1) ATGTGTGGCTC  1 
2451                     (    1) ATGTGTTGTGT  1 
2200                     (    1) ATGCGTTCCCC  1 
2475                     (    1) ATATGTTGTGC  1 
2694                     (    1) ATGTGATGTGT  1 
2508                     (    1) ATGCCCTGCGC  1 
2555                     (    1) ATGCAATGCGC  1 
2089                     (    1) ATGTGTCCCCT  1 
2326                     (    1) ATCCGTTGTTC  1 
2287                     (    1) ATGCATGCCCC  1 
2678                     (    1) ATGTCTGCTGT  1 
2653                     (    1) ATATGCCGCGC  1 
2421                     (    1) CTGTGTGCTTC  1 
//

--------------------------------------------------------------------------------

--------------------------------------------------------------------------------
	Motif ATGYGTKSYKC MEME-1 position-specific scoring matrix
--------------------------------------------------------------------------------
log-odds matrix: alength= 4 w= 11 n= 680 bayes= 6.18811 E= 6.3e+002 
   179   -169  -1045  -1045 
 -1045  -1045  -1045    189 
   -91   -169    176  -1045 
 -1045     63  -1045    126 
   -91    -69    163  -1045 
   -91    -69  -1045    141 
 -1045    -69     31    109 
 -1045     63    148  -1045 
 -1045    131  -1045     67 
 -1045    -11    111      9 
 -1045    163  -1045      9 
--------------------------------------------------------------------------------

--------------------------------------------------------------------------------
	Motif ATGYGTKSYKC MEME-1 position-specific probability matrix
--------------------------------------------------------------------------------
letter-probability matrix: alength= 4 w= 11 nsites= 14 E= 6.3e+002 
 0.928571  0.071429  0.000000  0.000000 
 0.000000  0.000000  0.000000  1.000000 
 0.142857  0.071429  0.785714  0.000000 
 0.000000  0.357143  0.000000  0.642857 
 0.142857  0.142857  0.714286  0.000000 
 0.142857  0.142857  0.000000  0.714286 
 0.000000  0.142857  0.285714  0.571429 
 0.000000  0.357143  0.642857  0.000000 
 0.000000  0.571429  0.000000  0.428571 
 0.000000  0.214286  0.500000  0.285714 
 0.000000  0.714286  0.000000  0.285714 
--------------------------------------------------------------------------------

--------------------------------------------------------------------------------
	Motif ATGYGTKSYKC MEME-1 regular expression
--------------------------------------------------------------------------------
ATG[TC]GT[TG][GC][CT][GTC][CT]
--------------------------------------------------------------------------------




Time  3.13 secs.

********************************************************************************


********************************************************************************
MOTIF ACACGGCCATS MEME-2	width =  11  sites =   7  llr = 71  E-value = 2.1e+003
********************************************************************************
--------------------------------------------------------------------------------
	Motif ACACGGCCATS MEME-2 Description
--------------------------------------------------------------------------------
Simplified        A  a:7::1::73:
pos.-specific     C  :9:9:1a9::6
probability       G  :1::96:1::4
matrix            T  ::3111::37:

         bits    2.1       *    
                 1.9 *     *    
                 1.7 *     *    
                 1.5 ** ** **   
Relative         1.3 ** ** **   
Entropy          1.1 ***** *****
(14.6 bits)      0.8 ***** *****
                 0.6 ***** *****
                 0.4 ***********
                 0.2 ***********
                 0.0 -----------

Multilevel           ACACGGCCATC
consensus              T     TAG
sequence                        
                                
--------------------------------------------------------------------------------

--------------------------------------------------------------------------------
	Motif ACACGGCCATS MEME-2 sites sorted by position p-value
--------------------------------------------------------------------------------
Sequence name            Strand  Start   P-value               Site  
-------------            ------  ----- ---------            -----------
2418                         +      1  3.68e-07          . ACACGGCCATG           
2533                         +      1  3.18e-06          . ACACGGCGATC           
2271                         -      1  4.96e-06          . ACTCGGCCAAG           
2183                         -      1  1.03e-05          . ACACGACCAAG           
2500                         -      1  1.77e-05          . ACTCGTCCTTC           
2273                         +      1  2.81e-05          . ACATTGCCATC           
2675                         -      1  3.16e-05          . AGACGCCCTTC           
--------------------------------------------------------------------------------

--------------------------------------------------------------------------------
	Motif ACACGGCCATS MEME-2 block diagrams
--------------------------------------------------------------------------------
SEQUENCE NAME            POSITION P-VALUE  MOTIF DIAGRAM
-------------            ----------------  -------------
2418                              3.7e-07  [+2]
2533                              3.2e-06  [+2]
2271                                5e-06  [-2]
2183                                1e-05  [-2]
2500                              1.8e-05  [-2]
2273                              2.8e-05  [+2]
2675                              3.2e-05  [-2]
--------------------------------------------------------------------------------

--------------------------------------------------------------------------------
	Motif ACACGGCCATS MEME-2 in BLOCKS format
--------------------------------------------------------------------------------
BL   MOTIF ACACGGCCATS width=11 seqs=7
2418                     (    1) ACACGGCCATG  1 
2533                     (    1) ACACGGCGATC  1 
2271                     (    1) ACTCGGCCAAG  1 
2183                     (    1) ACACGACCAAG  1 
2500                     (    1) ACTCGTCCTTC  1 
2273                     (    1) ACATTGCCATC  1 
2675                     (    1) AGACGCCCTTC  1 
//

--------------------------------------------------------------------------------

--------------------------------------------------------------------------------
	Motif ACACGGCCATS MEME-2 position-specific scoring matrix
--------------------------------------------------------------------------------
log-odds matrix: alength= 4 w= 11 n= 680 bayes= 7.19796 E= 2.1e+003 
   189   -945   -945   -945 
  -945    189    -69   -945 
   141   -945   -945      9 
  -945    189   -945    -91 
  -945   -945    189    -91 
   -91    -69    130    -91 
  -945    211   -945   -945 
  -945    189    -69   -945 
   141   -945   -945      9 
     9   -945   -945    141 
  -945    130     89   -945 
--------------------------------------------------------------------------------

--------------------------------------------------------------------------------
	Motif ACACGGCCATS MEME-2 position-specific probability matrix
--------------------------------------------------------------------------------
letter-probability matrix: alength= 4 w= 11 nsites= 7 E= 2.1e+003 
 1.000000  0.000000  0.000000  0.000000 
 0.000000  0.857143  0.142857  0.000000 
 0.714286  0.000000  0.000000  0.285714 
 0.000000  0.857143  0.000000  0.142857 
 0.000000  0.000000  0.857143  0.142857 
 0.142857  0.142857  0.571429  0.142857 
 0.000000  1.000000  0.000000  0.000000 
 0.000000  0.857143  0.142857  0.000000 
 0.714286  0.000000  0.000000  0.285714 
 0.285714  0.000000  0.000000  0.714286 
 0.000000  0.571429  0.428571  0.000000 
--------------------------------------------------------------------------------

--------------------------------------------------------------------------------
	Motif ACACGGCCATS MEME-2 regular expression
--------------------------------------------------------------------------------
AC[AT]CGGCC[AT][TA][CG]
--------------------------------------------------------------------------------




Time  3.30 secs.

********************************************************************************


********************************************************************************
MOTIF CTGCWCCGCCA MEME-3	width =  11  sites =   2  llr = 30  E-value = 6.9e+003
********************************************************************************
--------------------------------------------------------------------------------
	Motif CTGCWCCGCCA MEME-3 Description
--------------------------------------------------------------------------------
Simplified        A  ::::5:::::a
pos.-specific     C  a::a:aa:aa:
probability       G  ::a::::a:::
matrix            T  :a::5::::::

         bits    2.1 * ** ***** 
                 1.9 **** ******
                 1.7 **** ******
                 1.5 **** ******
Relative         1.3 **** ******
Entropy          1.1 **** ******
(21.6 bits)      0.8 ***********
                 0.6 ***********
                 0.4 ***********
                 0.2 ***********
                 0.0 -----------

Multilevel           CTGCACCGCCA
consensus                T      
sequence                        
                                
--------------------------------------------------------------------------------

--------------------------------------------------------------------------------
	Motif CTGCWCCGCCA MEME-3 sites sorted by position p-value
--------------------------------------------------------------------------------
Sequence name            Strand  Start   P-value               Site  
-------------            ------  ----- ---------            -----------
2574                         +      1  3.16e-07          . CTGCTCCGCCA           
2324                         -      1  3.16e-07          . CTGCACCGCCA           
--------------------------------------------------------------------------------

--------------------------------------------------------------------------------
	Motif CTGCWCCGCCA MEME-3 block diagrams
--------------------------------------------------------------------------------
SEQUENCE NAME            POSITION P-VALUE  MOTIF DIAGRAM
-------------            ----------------  -------------
2574                              3.2e-07  [+3]
2324                              3.2e-07  [-3]
--------------------------------------------------------------------------------

--------------------------------------------------------------------------------
	Motif CTGCWCCGCCA MEME-3 in BLOCKS format
--------------------------------------------------------------------------------
BL   MOTIF CTGCWCCGCCA width=11 seqs=2
2574                     (    1) CTGCTCCGCCA  1 
2324                     (    1) CTGCACCGCCA  1 
//

--------------------------------------------------------------------------------

--------------------------------------------------------------------------------
	Motif CTGCWCCGCCA MEME-3 position-specific scoring matrix
--------------------------------------------------------------------------------
log-odds matrix: alength= 4 w= 11 n= 680 bayes= 8.40514 E= 6.9e+003 
  -765    211   -765   -765 
  -765   -765   -765    189 
  -765   -765    211   -765 
  -765    211   -765   -765 
    89   -765   -765     89 
  -765    211   -765   -765 
  -765    211   -765   -765 
  -765   -765    211   -765 
  -765    211   -765   -765 
  -765    211   -765   -765 
   189   -765   -765   -765 
--------------------------------------------------------------------------------

--------------------------------------------------------------------------------
	Motif CTGCWCCGCCA MEME-3 position-specific probability matrix
--------------------------------------------------------------------------------
letter-probability matrix: alength= 4 w= 11 nsites= 2 E= 6.9e+003 
 0.000000  1.000000  0.000000  0.000000 
 0.000000  0.000000  0.000000  1.000000 
 0.000000  0.000000  1.000000  0.000000 
 0.000000  1.000000  0.000000  0.000000 
 0.500000  0.000000  0.000000  0.500000 
 0.000000  1.000000  0.000000  0.000000 
 0.000000  1.000000  0.000000  0.000000 
 0.000000  0.000000  1.000000  0.000000 
 0.000000  1.000000  0.000000  0.000000 
 0.000000  1.000000  0.000000  0.000000 
 1.000000  0.000000  0.000000  0.000000 
--------------------------------------------------------------------------------

--------------------------------------------------------------------------------
	Motif CTGCWCCGCCA MEME-3 regular expression
--------------------------------------------------------------------------------
CTGC[AT]CCGCCA
--------------------------------------------------------------------------------




Time  3.47 secs.

********************************************************************************


********************************************************************************
MOTIF TDACATRT MEME-4	width =   8  sites =  19  llr = 147  E-value = 7.1e+004
********************************************************************************
--------------------------------------------------------------------------------
	Motif TDACATRT MEME-4 Description
--------------------------------------------------------------------------------
Simplified        A  :38:7:41
pos.-specific     C  :12a::::
probability       G  :4::::6:
matrix            T  a2::3a:9

         bits    2.1    *    
                 1.9 *  * *  
                 1.7 *  * * *
                 1.5 *  * * *
Relative         1.3 * ** * *
Entropy          1.1 * ******
(11.2 bits)      0.8 * ******
                 0.6 * ******
                 0.4 * ******
                 0.2 ********
                 0.0 --------

Multilevel           TGACATGT
consensus             A  T A 
sequence              T      
                             
--------------------------------------------------------------------------------

--------------------------------------------------------------------------------
	Motif TDACATRT MEME-4 sites sorted by position p-value
--------------------------------------------------------------------------------
Sequence name            Strand  Start   P-value              Site
-------------            ------  ----- ---------            --------
2339                         -      1  1.74e-05        AAC TGACATGT           
2168                         +      1  1.74e-05          . TGACATGT AAC       
2369                         +      1  3.76e-05          . TAACATGT ATA       
2076                         +      4  3.76e-05        TGC TAACATGT           
2650                         +      3  5.78e-05         AG TGACATAT A         
2729                         -      2  7.80e-05         TC TTACATGT A         
2713                         +      3  9.54e-05         AC TGACTTGT T         
2649                         -      1  1.19e-04        GTG TAACATAT           
2116                         +      1  1.19e-04          . TAACATAT AGA       
2213                         +      2  1.39e-04          T TAACTTGT GG        
2389                         +      2  1.54e-04          T TGCCATGT TC        
2242                         +      1  1.78e-04          . TTACATAT CAA       
2133                         -      3  1.98e-04          G TGACTTAT AT        
2673                         -      3  2.35e-04          A TACCATGT AA        
2432                         -      1  2.35e-04        GAA TTACTTGT           
2716                         -      3  2.76e-04          G TCACATGT AT        
2506                         +      4  2.94e-04        CTG TGCCATAT           
2699                         +      4  3.70e-04        GTC TTACTTAT           
2514                         -      2  4.25e-04         TA TGACATGA A         
--------------------------------------------------------------------------------

--------------------------------------------------------------------------------
	Motif TDACATRT MEME-4 block diagrams
--------------------------------------------------------------------------------
SEQUENCE NAME            POSITION P-VALUE  MOTIF DIAGRAM
-------------            ----------------  -------------
2339                              1.7e-05  [-4]_3
2168                              1.7e-05  [+4]_3
2369                              3.8e-05  [+4]_3
2076                              3.8e-05  3_[+4]
2650                              5.8e-05  2_[+4]_1
2729                              7.8e-05  1_[-4]_2
2713                              9.5e-05  2_[+4]_1
2649                              0.00012  [-4]_3
2116                              0.00012  [+4]_3
2213                              0.00014  1_[+4]_2
2389                              0.00015  1_[+4]_2
2242                              0.00018  [+4]_3
2133                               0.0002  2_[-4]_1
2673                              0.00024  2_[-4]_1
2432                              0.00024  [-4]_3
2716                              0.00028  2_[-4]_1
2506                              0.00029  3_[+4]
2699                              0.00037  3_[+4]
2514                              0.00042  1_[-4]_2
--------------------------------------------------------------------------------

--------------------------------------------------------------------------------
	Motif TDACATRT MEME-4 in BLOCKS format
--------------------------------------------------------------------------------
BL   MOTIF TDACATRT width=8 seqs=19
2339                     (    1) TGACATGT  1 
2168                     (    1) TGACATGT  1 
2369                     (    1) TAACATGT  1 
2076                     (    4) TAACATGT  1 
2650                     (    3) TGACATAT  1 
2729                     (    2) TTACATGT  1 
2713                     (    3) TGACTTGT  1 
2649                     (    1) TAACATAT  1 
2116                     (    1) TAACATAT  1 
2213                     (    2) TAACTTGT  1 
2389                     (    2) TGCCATGT  1 
2242                     (    1) TTACATAT  1 
2133                     (    3) TGACTTAT  1 
2673                     (    3) TACCATGT  1 
2432                     (    1) TTACTTGT  1 
2716                     (    3) TCACATGT  1 
2506                     (    4) TGCCATAT  1 
2699                     (    4) TTACTTAT  1 
2514                     (    2) TGACATGA  1 
//

--------------------------------------------------------------------------------

--------------------------------------------------------------------------------
	Motif TDACATRT MEME-4 position-specific scoring matrix
--------------------------------------------------------------------------------
log-odds matrix: alength= 4 w= 8 n= 2720 bayes= 7.34745 E= 7.1e+004 
 -1089  -1089  -1089    189 
    23   -213     87    -35 
   165    -55  -1089  -1089 
 -1089    211  -1089  -1089 
   145  -1089  -1089     -3 
 -1089  -1089  -1089    189 
    45  -1089    145  -1089 
  -235  -1089  -1089    182 
--------------------------------------------------------------------------------

--------------------------------------------------------------------------------
	Motif TDACATRT MEME-4 position-specific probability matrix
--------------------------------------------------------------------------------
letter-probability matrix: alength= 4 w= 8 nsites= 19 E= 7.1e+004 
 0.000000  0.000000  0.000000  1.000000 
 0.315789  0.052632  0.421053  0.210526 
 0.842105  0.157895  0.000000  0.000000 
 0.000000  1.000000  0.000000  0.000000 
 0.736842  0.000000  0.000000  0.263158 
 0.000000  0.000000  0.000000  1.000000 
 0.368421  0.000000  0.631579  0.000000 
 0.052632  0.000000  0.000000  0.947368 
--------------------------------------------------------------------------------

--------------------------------------------------------------------------------
	Motif TDACATRT MEME-4 regular expression
--------------------------------------------------------------------------------
T[GAT]AC[AT]T[GA]T
--------------------------------------------------------------------------------




Time  3.64 secs.

********************************************************************************


********************************************************************************
MOTIF GSGCTCCSTK MEME-5	width =  10  sites =   3  llr = 37  E-value = 6.3e+004
********************************************************************************
--------------------------------------------------------------------------------
	Motif GSGCTCCSTK MEME-5 Description
--------------------------------------------------------------------------------
Simplified        A  ::::::::::
pos.-specific     C  :7:a:aa3::
probability       G  a3a::::7:3
matrix            T  ::::a:::a7

         bits    2.1 * ** **   
                 1.9 * ***** * 
                 1.7 * ***** * 
                 1.5 * ***** * 
Relative         1.3 ********* 
Entropy          1.1 **********
(17.8 bits)      0.8 **********
                 0.6 **********
                 0.4 **********
                 0.2 **********
                 0.0 ----------

Multilevel           GCGCTCCGTT
consensus             G     C G
sequence                       
                               
--------------------------------------------------------------------------------

--------------------------------------------------------------------------------
	Motif GSGCTCCSTK MEME-5 sites sorted by position p-value
--------------------------------------------------------------------------------
Sequence name            Strand  Start   P-value               Site 
-------------            ------  ----- ---------            ----------
2402                         -      1  1.27e-06          C GCGCTCCGTG           
2157                         +      2  2.64e-06          A GCGCTCCCTT           
2112                         +      2  2.64e-06          A GGGCTCCGTT           
--------------------------------------------------------------------------------

--------------------------------------------------------------------------------
	Motif GSGCTCCSTK MEME-5 block diagrams
--------------------------------------------------------------------------------
SEQUENCE NAME            POSITION P-VALUE  MOTIF DIAGRAM
-------------            ----------------  -------------
2402                              1.3e-06  [-5]_1
2157                              2.6e-06  1_[+5]
2112                              2.6e-06  1_[+5]
--------------------------------------------------------------------------------

--------------------------------------------------------------------------------
	Motif GSGCTCCSTK MEME-5 in BLOCKS format
--------------------------------------------------------------------------------
BL   MOTIF GSGCTCCSTK width=10 seqs=3
2402                     (    1) GCGCTCCGTG  1 
2157                     (    2) GCGCTCCCTT  1 
2112                     (    2) GGGCTCCGTT  1 
//

--------------------------------------------------------------------------------

--------------------------------------------------------------------------------
	Motif GSGCTCCSTK MEME-5 position-specific scoring matrix
--------------------------------------------------------------------------------
log-odds matrix: alength= 4 w= 10 n= 1360 bayes= 5.66983 E= 6.3e+004 
  -823   -823    211   -823 
  -823    153     53   -823 
  -823   -823    211   -823 
  -823    211   -823   -823 
  -823   -823   -823    189 
  -823    211   -823   -823 
  -823    211   -823   -823 
  -823     53    153   -823 
  -823   -823   -823    189 
  -823   -823     53    131 
--------------------------------------------------------------------------------

--------------------------------------------------------------------------------
	Motif GSGCTCCSTK MEME-5 position-specific probability matrix
--------------------------------------------------------------------------------
letter-probability matrix: alength= 4 w= 10 nsites= 3 E= 6.3e+004 
 0.000000  0.000000  1.000000  0.000000 
 0.000000  0.666667  0.333333  0.000000 
 0.000000  0.000000  1.000000  0.000000 
 0.000000  1.000000  0.000000  0.000000 
 0.000000  0.000000  0.000000  1.000000 
 0.000000  1.000000  0.000000  0.000000 
 0.000000  1.000000  0.000000  0.000000 
 0.000000  0.333333  0.666667  0.000000 
 0.000000  0.000000  0.000000  1.000000 
 0.000000  0.000000  0.333333  0.666667 
--------------------------------------------------------------------------------

--------------------------------------------------------------------------------
	Motif GSGCTCCSTK MEME-5 regular expression
--------------------------------------------------------------------------------
G[CG]GCTCC[GC]T[TG]
--------------------------------------------------------------------------------




Time  3.80 secs.

********************************************************************************


********************************************************************************
MOTIF CGCGTCTC MEME-6	width =   8  sites =   3  llr = 34  E-value = 8.4e+004
********************************************************************************
--------------------------------------------------------------------------------
	Motif CGCGTCTC MEME-6 Description
--------------------------------------------------------------------------------
Simplified        A  ::::::::
pos.-specific     C  a:a::a:a
probability       G  :a:a::::
matrix            T  ::::a:a:

         bits    2.1 **** * *
                 1.9 ********
                 1.7 ********
                 1.5 ********
Relative         1.3 ********
Entropy          1.1 ********
(16.5 bits)      0.8 ********
                 0.6 ********
                 0.4 ********
                 0.2 ********
                 0.0 --------

Multilevel           CGCGTCTC
consensus                    
sequence                     
                             
--------------------------------------------------------------------------------

--------------------------------------------------------------------------------
	Motif CGCGTCTC MEME-6 sites sorted by position p-value
--------------------------------------------------------------------------------
Sequence name            Strand  Start   P-value              Site
-------------            ------  ----- ---------            --------
2560                         -      2  1.10e-05         CC CGCGTCTC G         
2353                         +      3  1.10e-05         TC CGCGTCTC T         
2214                         +      3  1.10e-05         CA CGCGTCTC T         
--------------------------------------------------------------------------------

--------------------------------------------------------------------------------
	Motif CGCGTCTC MEME-6 block diagrams
--------------------------------------------------------------------------------
SEQUENCE NAME            POSITION P-VALUE  MOTIF DIAGRAM
-------------            ----------------  -------------
2560                              1.1e-05  1_[-6]_2
2353                              1.1e-05  2_[+6]_1
2214                              1.1e-05  2_[+6]_1
--------------------------------------------------------------------------------

--------------------------------------------------------------------------------
	Motif CGCGTCTC MEME-6 in BLOCKS format
--------------------------------------------------------------------------------
BL   MOTIF CGCGTCTC width=8 seqs=3
2560                     (    2) CGCGTCTC  1 
2353                     (    3) CGCGTCTC  1 
2214                     (    3) CGCGTCTC  1 
//

--------------------------------------------------------------------------------

--------------------------------------------------------------------------------
	Motif CGCGTCTC MEME-6 position-specific scoring matrix
--------------------------------------------------------------------------------
log-odds matrix: alength= 4 w= 8 n= 2720 bayes= 10.2707 E= 8.4e+004 
  -823    211   -823   -823 
  -823   -823    211   -823 
  -823    211   -823   -823 
  -823   -823    211   -823 
  -823   -823   -823    189 
  -823    211   -823   -823 
  -823   -823   -823    189 
  -823    211   -823   -823 
--------------------------------------------------------------------------------

--------------------------------------------------------------------------------
	Motif CGCGTCTC MEME-6 position-specific probability matrix
--------------------------------------------------------------------------------
letter-probability matrix: alength= 4 w= 8 nsites= 3 E= 8.4e+004 
 0.000000  1.000000  0.000000  0.000000 
 0.000000  0.000000  1.000000  0.000000 
 0.000000  1.000000  0.000000  0.000000 
 0.000000  0.000000  1.000000  0.000000 
 0.000000  0.000000  0.000000  1.000000 
 0.000000  1.000000  0.000000  0.000000 
 0.000000  0.000000  0.000000  1.000000 
 0.000000  1.000000  0.000000  0.000000 
--------------------------------------------------------------------------------

--------------------------------------------------------------------------------
	Motif CGCGTCTC MEME-6 regular expression
--------------------------------------------------------------------------------
CGCGTCTC
--------------------------------------------------------------------------------




Time  3.96 secs.

********************************************************************************


********************************************************************************
SUMMARY OF MOTIFS
********************************************************************************

--------------------------------------------------------------------------------
	Combined block diagrams: non-overlapping sites with p-value < 0.0001
--------------------------------------------------------------------------------
SEQUENCE NAME            COMBINED P-VALUE  MOTIF DIAGRAM
-------------            ----------------  -------------
2056                             8.64e-01  11
2057                             8.44e-01  11
2058                             7.75e-01  11
2059                             7.51e-01  11
2060                             6.59e-01  11
2061                             3.66e-01  11
2062                             3.16e-01  11
2063                             5.91e-01  11
2064                             9.28e-01  11
2065                             4.05e-01  11
2066                             9.76e-01  11
2067                             3.46e-01  11
2068                             8.98e-01  11
2069                             9.44e-01  11
2070                             7.35e-01  11
2071                             7.97e-01  11
2072                             2.81e-01  11
2073                             8.56e-01  11
2074                             4.78e-01  11
2075                             7.68e-01  11
2076                             6.01e-02  3_[+4(3.76e-05)]
2077                             7.71e-02  11
2078                             3.76e-02  11
2079                             4.97e-01  11
2080                             7.03e-01  11
2081                             9.47e-01  11
2082                             7.32e-02  11
2083                             9.98e-01  11
2084                             4.50e-01  11
2085                             6.19e-01  11
2086                             8.60e-01  11
2087                             4.87e-01  11
2088                             4.10e-01  11
2089                             7.07e-04  11
2090                             8.64e-01  11
2091                             5.19e-02  11
2092                             9.25e-01  11
2093                             5.83e-02  11
2094                             3.84e-01  11
2095                             1.24e-01  11
2096                             7.39e-01  11
2097                             1.24e-01  11
2098                             4.77e-01  11
2099                             5.48e-01  11
2100                             4.44e-01  11
2101                             4.78e-01  11
2102                             7.71e-01  11
2103                             1.63e-01  11
2104                             9.13e-01  11
2105                             2.46e-02  11
2106                             8.71e-01  11
2107                             9.74e-01  11
2108                             9.71e-01  11
2109                             4.33e-01  11
2110                             8.13e-01  11
2111                             5.00e-01  11
2112                             1.74e-03  1_[+5(2.64e-06)]
2113                             5.28e-01  11
2114                             9.50e-01  11
2115                             8.70e-03  11
2116                             1.11e-01  11
2117                             4.77e-01  11
2118                             4.71e-02  11
2119                             9.95e-01  11
2120                             9.57e-01  11
2121                             9.59e-01  11
2122                             6.29e-01  11
2123                             2.14e-01  11
2124                             8.75e-01  11
2125                             8.31e-01  11
2126                             8.40e-01  11
2127                             3.78e-01  11
2128                             7.41e-01  11
2129                             1.21e-01  11
2130                             1.00e+00  11
2131                             9.35e-01  11
2132                             3.21e-01  11
2133                             5.13e-02  11
2134                             6.40e-01  11
2135                             8.09e-01  11
2136                             4.49e-01  11
2137                             4.58e-01  11
2138                             3.14e-01  11
2139                             3.05e-01  11
2140                             8.73e-02  11
2141                             6.88e-01  11
2142                             8.17e-02  11
2143                             8.75e-01  11
2144                             3.33e-01  11
2145                             2.41e-01  11
2146                             1.06e-02  11
2147                             7.02e-02  11
2148                             2.06e-01  11
2149                             5.85e-01  11
2150                             8.31e-01  11
2151                             7.02e-01  11
2152                             4.96e-01  11
2153                             2.28e-01  11
2154                             2.70e-01  11
2155                             7.52e-01  11
2156                             6.28e-01  11
2157                             1.88e-03  1_[+5(2.64e-06)]
2158                             6.75e-01  11
2159                             7.14e-01  11
2160                             9.96e-01  11
2161                             7.49e-01  11
2162                             3.51e-01  11
2163                             7.28e-01  11
2164                             2.56e-02  11
2165                             9.34e-01  11
2166                             8.01e-01  11
2167                             6.94e-01  11
2168                             1.59e-02  [+4(1.74e-05)]_3
2169                             6.77e-01  11
2170                             8.65e-01  11
2171                             1.55e-01  11
2172                             6.84e-01  11
2173                             1.75e-01  11
2174                             3.89e-01  11
2175                             3.63e-01  11
2176                             2.28e-01  11
2177                             6.26e-01  11
2178                             4.64e-01  11
2179                             2.54e-03  11
2180                             7.59e-01  11
2181                             7.39e-01  11
2182                             9.02e-01  11
2183                             7.15e-04  [-2(1.03e-05)]
2184                             6.12e-01  11
2185                             9.82e-01  11
2186                             1.95e-02  11
2187                             2.01e-02  11
2188                             5.97e-01  11
2189                             7.92e-01  11
2190                             8.93e-01  11
2191                             4.92e-02  11
2192                             7.22e-01  11
2193                             4.82e-01  11
2194                             1.87e-01  11
2195                             9.97e-01  11
2196                             5.14e-01  11
2197                             2.49e-01  11
2198                             5.67e-01  11
2199                             4.34e-01  11
2200                             3.25e-04  [+1(1.12e-05)]
2201                             8.66e-01  11
2202                             5.39e-01  11
2203                             4.09e-01  11
2204                             4.60e-01  11
2205                             5.16e-02  11
2206                             3.95e-01  11
2207                             8.48e-01  11
2208                             9.18e-01  11
2209                             5.49e-01  11
2210                             7.96e-01  11
2211                             7.27e-01  11
2212                             9.16e-01  11
2213                             8.07e-02  11
2214                             3.98e-03  2_[+6(1.10e-05)]_1
2215                             1.05e-01  11
2216                             6.99e-01  11
2217                             9.30e-01  11
2218                             1.30e-01  11
2219                             5.02e-01  11
2220                             1.44e-01  11
2221                             6.51e-01  11
2222                             4.46e-01  11
2223                             2.00e-01  11
2224                             1.53e-01  11
2225                             1.18e-01  11
2226                             1.14e-01  11
2227                             5.75e-01  11
2228                             4.24e-01  11
2229                             6.82e-01  11
2230                             9.88e-01  11
2231                             5.27e-01  11
2232                             9.44e-01  11
2233                             9.88e-01  11
2234                             8.90e-01  11
2235                             3.75e-01  11
2236                             1.55e-01  11
2237                             4.84e-03  11
2238                             5.01e-02  11
2239                             7.93e-01  11
2240                             9.72e-01  11
2241                             8.04e-01  11
2242                             9.59e-02  11
2243                             7.20e-01  11
2244                             3.00e-01  11
2245                             9.32e-01  11
2246                             8.51e-01  11
2247                             9.66e-01  11
2248                             8.60e-01  11
2249                             6.77e-01  11
2250                             7.83e-01  11
2251                             6.76e-01  11
2252                             3.78e-01  11
2253                             1.06e-01  11
2254                             7.55e-01  11
2255                             2.46e-01  11
2256                             9.09e-01  11
2257                             5.32e-01  11
2258                             7.79e-01  11
2259                             3.94e-01  11
2260                             6.75e-01  11
2261                             5.20e-01  11
2262                             5.74e-01  11
2263                             3.58e-01  11
2264                             3.59e-01  11
2265                             6.73e-01  11
2266                             7.27e-01  11
2267                             8.39e-01  11
2268                             8.41e-01  11
2269                             4.11e-01  11
2270                             2.32e-01  11
2271                             7.46e-04  [-2(4.96e-06)]
2272                             7.34e-01  11
2273                             1.36e-02  [+2(2.81e-05)]
2274                             8.73e-01  11
2275                             1.86e-02  11
2276                             8.18e-01  11
2277                             8.41e-01  11
2278                             9.43e-01  11
2279                             7.80e-01  11
2280                             9.76e-01  11
2281                             5.12e-01  11
2282                             9.46e-01  11
2283                             7.17e-01  11
2284                             5.74e-01  11
2285                             8.37e-01  11
2286                             8.58e-01  11
2287                             3.50e-03  11
2288                             4.36e-01  11
2289                             7.91e-01  11
2290                             7.53e-01  11
2291                             3.07e-01  11
2292                             3.98e-01  11
2293                             4.25e-01  11
2294                             5.17e-01  11
2295                             3.21e-02  11
2296                             9.01e-01  11
2297                             8.17e-01  11
2298                             6.31e-02  11
2299                             3.40e-01  11
2300                             9.27e-01  11
2301                             9.02e-01  11
2302                             1.84e-01  11
2303                             9.72e-01  11
2304                             3.46e-01  11
2305                             1.70e-01  11
2306                             6.46e-01  11
2307                             2.15e-01  11
2308                             4.22e-01  11
2309                             9.45e-01  11
2310                             2.35e-01  11
2311                             9.91e-01  11
2312                             1.72e-01  11
2313                             9.30e-01  11
2314                             7.99e-01  11
2315                             6.77e-01  11
2316                             8.53e-01  11
2317                             5.65e-01  11
2318                             3.18e-01  11
2319                             9.92e-01  11
2320                             9.22e-01  11
2321                             5.80e-01  11
2322                             3.25e-02  11
2323                             1.69e-02  11
2324                             1.55e-05  [-3(3.16e-07)]
2325                             1.33e-01  11
2326                             2.49e-03  11
2327                             4.14e-01  11
2328                             2.75e-01  11
2329                             3.85e-01  11
2330                             5.98e-01  11
2331                             8.84e-01  11
2332                             9.58e-01  11
2333                             9.00e-01  11
2334                             1.21e-01  11
2335                             6.10e-01  11
2336                             2.13e-01  11
2337                             3.65e-03  11
2338                             5.08e-01  11
2339                             1.79e-03  [-4(1.74e-05)]_3
2340                             8.14e-02  11
2341                             1.90e-01  11
2342                             8.24e-01  11
2343                             4.41e-01  11
2344                             2.49e-01  11
2345                             2.33e-01  11
2346                             1.57e-01  11
2347                             4.02e-04  11
2348                             2.31e-01  11
2349                             4.51e-01  11
2350                             5.30e-01  11
2351                             4.29e-01  11
2352                             7.66e-01  11
2353                             2.67e-02  2_[+6(1.10e-05)]_1
2354                             4.23e-01  11
2355                             5.28e-02  11
2356                             8.87e-01  11
2357                             9.89e-01  11
2358                             9.45e-01  11
2359                             8.77e-01  11
2360                             2.92e-01  11
2361                             5.87e-03  11
2362                             7.91e-01  11
2363                             8.08e-01  11
2364                             7.04e-01  11
2365                             2.17e-01  11
2366                             5.06e-01  11
2367                             3.34e-01  11
2368                             2.41e-01  11
2369                             9.90e-02  [+4(3.76e-05)]_3
2370                             3.52e-01  11
2371                             3.98e-01  11
2372                             9.45e-01  11
2373                             6.21e-01  11
2374                             9.07e-02  11
2375                             4.33e-01  11
2376                             1.47e-02  11
2377                             5.08e-03  11
2378                             7.46e-01  11
2379                             4.03e-01  11
2380                             2.63e-01  11
2381                             1.00e-01  11
2382                             8.27e-01  11
2383                             2.82e-01  11
2384                             8.40e-01  11
2385                             8.96e-01  11
2386                             1.42e-02  11
2387                             9.52e-01  11
2388                             7.26e-01  11
2389                             3.35e-03  11
2390                             8.83e-01  11
2391                             9.94e-02  11
2392                             3.10e-01  11
2393                             5.90e-01  11
2394                             1.03e-01  11
2395                             1.09e-01  11
2396                             9.54e-02  11
2397                             5.24e-01  11
2398                             7.98e-02  11
2399                             6.36e-01  11
2400                             9.99e-01  11
2401                             4.86e-01  11
2402                             1.02e-03  [-5(1.27e-06)]_1
2403                             6.75e-01  11
2404                             9.83e-01  11
2405                             3.94e-01  11
2406                             3.06e-01  11
2407                             6.00e-01  11
2408                             6.74e-01  11
2409                             6.20e-01  11
2410                             4.95e-01  11
2411                             1.38e-01  11
2412                             6.40e-01  11
2413                             4.01e-02  11
2414                             6.88e-01  11
2415                             3.79e-01  11
2416                             1.47e-01  11
2417                             5.23e-01  11
2418                             5.62e-05  [+2(3.68e-07)]
2419                             9.56e-01  11
2420                             8.46e-01  11
2421                             3.95e-02  11
2422                             1.39e-01  11
2423                             9.26e-01  11
2424                             8.34e-01  11
2425                             6.08e-01  11
2426                             6.21e-01  11
2427                             3.06e-01  11
2428                             4.30e-01  11
2429                             7.79e-01  11
2430                             3.71e-01  11
2431                             9.79e-01  11
2432                             3.65e-02  11
2433                             8.96e-01  11
2434                             3.79e-01  11
2435                             6.66e-01  11
2436                             8.25e-01  11
2437                             8.95e-01  11
2438                             8.35e-02  11
2439                             5.69e-02  11
2440                             2.41e-01  11
2441                             8.02e-01  11
2442                             5.14e-01  11
2443                             3.16e-01  11
2444                             4.86e-01  11
2445                             3.45e-01  11
2446                             5.50e-01  11
2447                             5.89e-01  11
2448                             5.70e-01  11
2449                             2.42e-01  11
2450                             8.22e-01  11
2451                             6.84e-04  [+1(6.03e-06)]
2452                             5.71e-01  11
2453                             5.32e-01  11
2454                             9.54e-02  11
2455                             2.26e-01  11
2456                             7.22e-01  11
2457                             9.76e-01  11
2458                             6.43e-01  11
2459                             8.60e-01  11
2460                             3.91e-01  11
2461                             1.05e-01  11
2462                             3.18e-01  11
2463                             7.46e-01  11
2464                             9.28e-01  11
2465                             7.19e-01  11
2466                             4.80e-01  11
2467                             4.83e-01  11
2468                             4.00e-01  11
2469                             2.22e-01  11
2470                             4.53e-01  11
2471                             3.78e-02  11
2472                             7.22e-01  11
2473                             6.22e-01  11
2474                             7.52e-02  11
2475                             3.37e-04  [+1(1.94e-05)]
2476                             1.20e-01  11
2477                             8.22e-01  11
2478                             4.80e-01  11
2479                             9.23e-01  11
2480                             9.30e-01  11
2481                             9.22e-01  11
2482                             9.51e-01  11
2483                             4.04e-01  11
2484                             9.35e-01  11
2485                             5.71e-01  11
2486                             7.82e-01  11
2487                             9.59e-01  11
2488                             9.25e-01  11
2489                             9.09e-01  11
2490                             3.38e-01  11
2491                             8.54e-01  11
2492                             2.92e-01  11
2493                             2.53e-01  11
2494                             7.42e-01  11
2495                             9.52e-01  11
2496                             6.89e-01  11
2497                             7.40e-01  11
2498                             7.20e-04  11
2499                             7.83e-01  11
2500                             3.23e-04  [-2(1.77e-05)]
2501                             2.47e-01  11
2502                             7.67e-01  11
2503                             9.69e-01  11
2504                             7.86e-01  11
2505                             4.47e-01  11
2506                             5.19e-03  11
2507                             4.39e-01  11
2508                             6.79e-04  [+1(7.98e-05)]
2509                             9.87e-01  11
2510                             3.53e-04  [-1(4.54e-06)]
2511                             7.10e-01  11
2512                             2.63e-01  11
2513                             3.82e-01  11
2514                             3.07e-01  11
2515                             1.86e-01  11
2516                             8.26e-01  11
2517                             2.96e-01  11
2518                             1.41e-01  11
2519                             5.74e-01  11
2520                             2.75e-01  11
2521                             7.61e-01  11
2522                             4.83e-01  11
2523                             4.73e-01  11
2524                             6.01e-01  11
2525                             1.43e-01  11
2526                             3.01e-01  11
2527                             3.38e-01  11
2528                             6.43e-01  11
2529                             9.09e-01  11
2530                             8.76e-01  11
2531                             3.78e-01  11
2532                             9.53e-01  11
2533                             1.85e-05  [+2(3.18e-06)]
2534                             8.26e-01  11
2535                             2.94e-01  11
2536                             3.44e-01  11
2537                             3.78e-01  11
2538                             6.05e-01  11
2539                             5.20e-01  11
2540                             9.31e-01  11
2541                             7.07e-01  11
2542                             1.60e-01  11
2543                             9.05e-02  11
2544                             5.99e-01  11
2545                             7.05e-01  11
2546                             9.76e-01  11
2547                             5.69e-01  11
2548                             8.81e-01  11
2549                             9.37e-01  11
2550                             6.65e-01  11
2551                             1.71e-01  11
2552                             3.95e-01  11
2553                             1.56e-01  11
2554                             7.42e-01  11
2555                             1.09e-03  11
2556                             8.89e-01  11
2557                             2.21e-01  11
2558                             9.42e-01  11
2559                             5.06e-01  11
2560                             3.05e-02  1_[-6(1.10e-05)]_2
2561                             9.46e-01  11
2562                             9.92e-01  11
2563                             9.34e-02  11
2564                             7.12e-01  11
2565                             6.48e-01  11
2566                             2.83e-01  11
2567                             7.51e-01  11
2568                             8.52e-01  11
2569                             9.67e-01  11
2570                             9.43e-01  11
2571                             2.79e-01  11
2572                             7.89e-01  11
2573                             8.61e-01  11
2574                             1.41e-05  [+3(3.16e-07)]
2575                             6.92e-01  11
2576                             4.89e-01  11
2577                             1.15e-01  11
2578                             1.17e-04  [+1(1.29e-06)]
2579                             2.97e-01  11
2580                             9.99e-01  11
2581                             2.94e-01  11
2582                             4.71e-01  11
2583                             6.49e-01  11
2584                             5.69e-01  11
2585                             5.40e-01  11
2586                             9.98e-01  11
2587                             2.41e-01  11
2588                             3.69e-01  11
2589                             5.22e-01  11
2590                             3.15e-01  11
2591                             7.72e-01  11
2592                             9.42e-01  11
2593                             6.57e-01  11
2594                             6.71e-01  11
2595                             1.17e-01  11
2596                             9.28e-01  11
2597                             2.91e-01  11
2598                             9.81e-01  11
2599                             6.42e-01  11
2600                             7.12e-01  11
2601                             9.18e-01  11
2602                             7.37e-01  11
2603                             5.57e-01  11
2604                             7.92e-01  11
2605                             1.65e-01  11
2606                             2.14e-01  11
2607                             5.39e-01  11
2608                             9.47e-01  11
2609                             5.33e-01  11
2610                             4.88e-01  11
2611                             1.09e-01  11
2612                             4.17e-01  11
2613                             8.14e-01  11
2614                             7.02e-01  11
2615                             3.85e-01  11
2616                             9.87e-01  11
2617                             9.86e-01  11
2618                             4.66e-01  11
2619                             2.78e-01  11
2620                             7.50e-01  11
2621                             6.89e-01  11
2622                             7.76e-02  11
2623                             7.14e-01  11
2624                             9.78e-01  11
2625                             9.93e-01  11
2626                             8.28e-01  11
2627                             5.85e-01  11
2628                             5.83e-01  11
2629                             7.48e-02  11
2630                             8.54e-01  11
2631                             8.50e-01  11
2632                             9.34e-01  11
2633                             1.06e-01  11
2634                             8.85e-01  11
2635                             6.06e-02  11
2636                             6.79e-01  11
2637                             8.52e-01  11
2638                             1.11e-01  11
2639                             9.56e-01  11
2640                             1.34e-02  11
2641                             1.31e-01  11
2642                             9.84e-01  11
2643                             8.53e-01  11
2644                             2.01e-01  11
2645                             6.02e-01  11
2646                             8.11e-01  11
2647                             9.55e-01  11
2648                             8.39e-01  11
2649                             1.07e-02  11
2650                             1.05e-01  2_[+4(5.78e-05)]_1
2651                             3.44e-02  11
2652                             1.97e-01  11
2653                             5.61e-05  11
2654                             3.22e-01  11
2655                             5.68e-01  11
2656                             9.65e-01  11
2657                             2.37e-01  11
2658                             9.72e-01  11
2659                             9.72e-01  11
2660                             7.55e-01  11
2661                             1.33e-02  11
2662                             7.80e-01  11
2663                             9.67e-01  11
2664                             3.73e-01  11
2665                             8.90e-01  11
2666                             7.49e-01  11
2667                             8.76e-01  11
2668                             1.07e-01  11
2669                             7.30e-01  11
2670                             1.95e-01  11
2671                             9.84e-03  11
2672                             5.42e-01  11
2673                             3.94e-02  11
2674                             9.80e-01  11
2675                             1.09e-04  [-2(3.16e-05)]
2676                             6.16e-02  11
2677                             2.34e-01  11
2678                             7.74e-02  11
2679                             3.58e-01  11
2680                             8.06e-01  11
2681                             4.35e-01  11
2682                             9.74e-01  11
2683                             8.31e-01  11
2684                             3.03e-01  11
2685                             2.20e-01  11
2686                             3.46e-01  11
2687                             1.88e-01  11
2688                             3.61e-01  11
2689                             7.22e-01  11
2690                             9.15e-01  11
2691                             4.96e-01  11
2692                             2.07e-01  11
2693                             4.01e-01  11
2694                             1.43e-03  [+1(5.57e-05)]
2695                             8.61e-01  11
2696                             2.98e-01  11
2697                             5.25e-01  11
2698                             4.68e-02  11
2699                             2.23e-01  11
2700                             4.18e-01  11
2701                             9.21e-01  11
2702                             7.03e-01  11
2703                             5.34e-01  11
2704                             5.14e-01  11
2705                             8.22e-01  11
2706                             8.27e-01  11
2707                             8.00e-01  11
2708                             8.62e-01  11
2709                             3.40e-01  11
2710                             6.70e-01  11
2711                             5.95e-01  11
2712                             1.44e-01  11
2713                             1.15e-01  2_[+4(9.54e-05)]_1
2714                             1.06e-01  11
2715                             6.90e-01  11
2716                             1.03e-01  11
2717                             3.87e-01  11
2718                             2.96e-01  11
2719                             9.19e-01  11
2720                             1.12e-01  11
2721                             7.48e-01  11
2722                             4.39e-01  11
2723                             8.54e-01  11
2724                             3.49e-01  11
2725                             9.83e-01  11
2726                             9.90e-01  11
2727                             4.68e-01  11
2728                             6.49e-01  11
2729                             2.06e-01  1_[-4(7.80e-05)]_2
2730                             5.54e-01  11
2731                             8.20e-01  11
2732                             5.30e-01  11
2733                             7.53e-02  11
2734                             7.08e-01  11
2735                             5.14e-01  11
--------------------------------------------------------------------------------

********************************************************************************


********************************************************************************
Stopped because requested number of motifs (6) found.
********************************************************************************

CPU: ip-172-31-25-197

********************************************************************************
