********************************************************************************
MEME - Motif discovery tool
********************************************************************************
MEME version 5.5.5 (Release date: Thu Sep 14 08:48:04 2023 +1000)

For further information on how to interpret these results please access http://meme-suite.org.
To get a copy of the MEME Suite software please access https://meme-suite.org.

********************************************************************************


********************************************************************************
REFERENCE
********************************************************************************
If you use this program in your research, please cite:

Timothy L. Bailey and Charles Elkan,
"Fitting a mixture model by expectation maximization to
discover motifs in biopolymers",
Proceedings of the Second International Conference on Intelligent Systems
for Molecular Biology, pp. 28-36, AAAI Press, Menlo Park, California, 1994.
********************************************************************************


********************************************************************************
TRAINING SET
********************************************************************************
PRIMARY SEQUENCES= data/tmp_memedir/10_FALSE_TRUE_FALSE_NA_15_53_113/SALL3.fasta
CONTROL SEQUENCES= --none--
ALPHABET= ACGT
Sequence name            Weight Length  Sequence name            Weight Length  
-------------            ------ ------  -------------            ------ ------  
33028                    1.0000     21  33029                    1.0000     21  
33030                    1.0000     21  33031                    1.0000     21  
33032                    1.0000     21  33033                    1.0000     21  
33034                    1.0000     21  33035                    1.0000     21  
33036                    1.0000     21  33037                    1.0000     21  
33038                    1.0000     21  33039                    1.0000     21  
33040                    1.0000     21  33041                    1.0000     21  
33042                    1.0000     21  33043                    1.0000     21  
33044                    1.0000     21  33045                    1.0000     21  
33046                    1.0000     21  33047                    1.0000     21  
33048                    1.0000     21  33049                    1.0000     21  
33050                    1.0000     21  33051                    1.0000     21  
33052                    1.0000     21  33053                    1.0000     21  
33054                    1.0000     21  33055                    1.0000     21  
33056                    1.0000     21  33057                    1.0000     21  
33058                    1.0000     21  33059                    1.0000     21  
33060                    1.0000     21  33061                    1.0000     21  
33062                    1.0000     21  33063                    1.0000     21  
33064                    1.0000     21  33065                    1.0000     21  
33066                    1.0000     21  33067                    1.0000     21  
33068                    1.0000     21  33069                    1.0000     21  
33070                    1.0000     21  33071                    1.0000     21  
33072                    1.0000     21  33073                    1.0000     21  
33074                    1.0000     21  33075                    1.0000     21  
33076                    1.0000     21  33077                    1.0000     21  
33078                    1.0000     21  33079                    1.0000     21  
33080                    1.0000     21  33081                    1.0000     21  
33082                    1.0000     21  33083                    1.0000     21  
33084                    1.0000     21  33085                    1.0000     21  
33086                    1.0000     21  33087                    1.0000     21  
33088                    1.0000     21  33089                    1.0000     21  
33090                    1.0000     21  33091                    1.0000     21  
33092                    1.0000     21  33093                    1.0000     21  
33094                    1.0000     21  33095                    1.0000     21  
33096                    1.0000     21  33097                    1.0000     21  
33098                    1.0000     21  33099                    1.0000     21  
33100                    1.0000     21  33101                    1.0000     21  
33102                    1.0000     21  33103                    1.0000     21  
33104                    1.0000     21  33105                    1.0000     21  
33106                    1.0000     21  33107                    1.0000     21  
33108                    1.0000     21  33109                    1.0000     21  
33110                    1.0000     21  33111                    1.0000     21  
33112                    1.0000     21  33113                    1.0000     21  
33114                    1.0000     21  33115                    1.0000     21  
33116                    1.0000     21  33117                    1.0000     21  
33118                    1.0000     21  33119                    1.0000     21  
33120                    1.0000     21  33121                    1.0000     21  
33122                    1.0000     21  33123                    1.0000     21  
33124                    1.0000     21  33125                    1.0000     21  
33126                    1.0000     21  33127                    1.0000     21  
33128                    1.0000     21  33129                    1.0000     21  
33130                    1.0000     21  33131                    1.0000     21  
33132                    1.0000     21  33133                    1.0000     21  
33134                    1.0000     21  33135                    1.0000     21  
33136                    1.0000     21  33137                    1.0000     21  
33138                    1.0000     21  33139                    1.0000     21  
33140                    1.0000     21  33141                    1.0000     21  
33142                    1.0000     21  33143                    1.0000     21  
33144                    1.0000     21  33145                    1.0000     21  
33146                    1.0000     21  33147                    1.0000     21  
33148                    1.0000     21  33149                    1.0000     21  
33150                    1.0000     21  33151                    1.0000     21  
33152                    1.0000     21  33153                    1.0000     21  
33154                    1.0000     21  33155                    1.0000     21  
33156                    1.0000     21  33157                    1.0000     21  
33158                    1.0000     21  33159                    1.0000     21  
33160                    1.0000     21  33161                    1.0000     21  
33162                    1.0000     21  33163                    1.0000     21  
33164                    1.0000     21  33165                    1.0000     21  
33166                    1.0000     21  33167                    1.0000     21  
33168                    1.0000     21  33169                    1.0000     21  
33170                    1.0000     21  33171                    1.0000     21  
33172                    1.0000     21  33173                    1.0000     21  
33174                    1.0000     21  33175                    1.0000     21  
33176                    1.0000     21  33177                    1.0000     21  
33178                    1.0000     21  33179                    1.0000     21  
33180                    1.0000     21  33181                    1.0000     21  
33182                    1.0000     21  33183                    1.0000     21  
33184                    1.0000     21  33185                    1.0000     21  
33186                    1.0000     21  33187                    1.0000     21  
33188                    1.0000     21  33189                    1.0000     21  
33190                    1.0000     21  33191                    1.0000     21  
33192                    1.0000     21  33193                    1.0000     21  
33194                    1.0000     21  33195                    1.0000     21  
33196                    1.0000     21  33197                    1.0000     21  
33198                    1.0000     21  33199                    1.0000     21  
33200                    1.0000     21  33201                    1.0000     21  
33202                    1.0000     21  33203                    1.0000     21  
33204                    1.0000     21  33205                    1.0000     21  
33206                    1.0000     21  33207                    1.0000     21  
33208                    1.0000     21  33209                    1.0000     21  
33210                    1.0000     21  33211                    1.0000     21  
33212                    1.0000     21  33213                    1.0000     21  
33214                    1.0000     21  33215                    1.0000     21  
33216                    1.0000     21  33217                    1.0000     21  
33218                    1.0000     21  33219                    1.0000     21  
33220                    1.0000     21  33221                    1.0000     21  
33222                    1.0000     21  33223                    1.0000     21  
33224                    1.0000     21  33225                    1.0000     21  
33226                    1.0000     21  33227                    1.0000     21  
33228                    1.0000     21  33229                    1.0000     21  
33230                    1.0000     21  33231                    1.0000     21  
33232                    1.0000     21  33233                    1.0000     21  
33234                    1.0000     21  33235                    1.0000     21  
33236                    1.0000     21  33237                    1.0000     21  
33238                    1.0000     21  33239                    1.0000     21  
33240                    1.0000     21  33241                    1.0000     21  
33242                    1.0000     21  33243                    1.0000     21  
33244                    1.0000     21  33245                    1.0000     21  
33246                    1.0000     21  33247                    1.0000     21  
33248                    1.0000     21  33249                    1.0000     21  
33250                    1.0000     21  33251                    1.0000     21  
33252                    1.0000     21  33253                    1.0000     21  
33254                    1.0000     21  33255                    1.0000     21  
33256                    1.0000     21  33257                    1.0000     21  
33258                    1.0000     21  33259                    1.0000     21  
33260                    1.0000     21  33261                    1.0000     21  
33262                    1.0000     21  33263                    1.0000     21  
33264                    1.0000     21  33265                    1.0000     21  
33266                    1.0000     21  33267                    1.0000     21  
33268                    1.0000     21  33269                    1.0000     21  
33270                    1.0000     21  33271                    1.0000     21  
33272                    1.0000     21  33273                    1.0000     21  
33274                    1.0000     21  33275                    1.0000     21  
33276                    1.0000     21  33277                    1.0000     21  
33278                    1.0000     21  33279                    1.0000     21  
33280                    1.0000     21  33281                    1.0000     21  
33282                    1.0000     21  33283                    1.0000     21  
33284                    1.0000     21  33285                    1.0000     21  
33286                    1.0000     21  33287                    1.0000     21  
33288                    1.0000     21  33289                    1.0000     21  
33290                    1.0000     21  33291                    1.0000     21  
33292                    1.0000     21  33293                    1.0000     21  
33294                    1.0000     21  33295                    1.0000     21  
33296                    1.0000     21  33297                    1.0000     21  
33298                    1.0000     21  33299                    1.0000     21  
33300                    1.0000     21  33301                    1.0000     21  
33302                    1.0000     21  33303                    1.0000     21  
33304                    1.0000     21  33305                    1.0000     21  
33306                    1.0000     21  33307                    1.0000     21  
33308                    1.0000     21  33309                    1.0000     21  
33310                    1.0000     21  33311                    1.0000     21  
33312                    1.0000     21  33313                    1.0000     21  
33314                    1.0000     21  33315                    1.0000     21  
33316                    1.0000     21  33317                    1.0000     21  
33318                    1.0000     21  33319                    1.0000     21  
33320                    1.0000     21  33321                    1.0000     21  
33322                    1.0000     21  33323                    1.0000     21  
33324                    1.0000     21  33325                    1.0000     21  
33326                    1.0000     21  33327                    1.0000     21  
33328                    1.0000     21  33329                    1.0000     21  
33330                    1.0000     21  33331                    1.0000     21  
33332                    1.0000     21  33333                    1.0000     21  
33334                    1.0000     21  33335                    1.0000     21  
33336                    1.0000     21  33337                    1.0000     21  
33338                    1.0000     21  33339                    1.0000     21  
33340                    1.0000     21  33341                    1.0000     21  
33342                    1.0000     21  33343                    1.0000     21  
33344                    1.0000     21  33345                    1.0000     21  
33346                    1.0000     21  33347                    1.0000     21  
33348                    1.0000     21  33349                    1.0000     21  
33350                    1.0000     21  33351                    1.0000     21  
33352                    1.0000     21  33353                    1.0000     21  
33354                    1.0000     21  33355                    1.0000     21  
33356                    1.0000     21  33357                    1.0000     21  
33358                    1.0000     21  33359                    1.0000     21  
33360                    1.0000     21  33361                    1.0000     21  
33362                    1.0000     21  33363                    1.0000     21  
33364                    1.0000     21  33365                    1.0000     21  
33366                    1.0000     21  33367                    1.0000     21  
33368                    1.0000     21  33369                    1.0000     21  
33370                    1.0000     21  33371                    1.0000     21  
33372                    1.0000     21  33373                    1.0000     21  
33374                    1.0000     21  33375                    1.0000     21  
33376                    1.0000     21  33377                    1.0000     21  
33378                    1.0000     21  33379                    1.0000     21  
33380                    1.0000     21  33381                    1.0000     21  
33382                    1.0000     21  33383                    1.0000     21  
33384                    1.0000     21  33385                    1.0000     21  
33386                    1.0000     21  33387                    1.0000     21  
33388                    1.0000     21  33389                    1.0000     21  
33390                    1.0000     21  33391                    1.0000     21  
33392                    1.0000     21  33393                    1.0000     21  
33394                    1.0000     21  33395                    1.0000     21  
33396                    1.0000     21  33397                    1.0000     21  
33398                    1.0000     21  33399                    1.0000     21  
33400                    1.0000     21  33401                    1.0000     21  
33402                    1.0000     21  33403                    1.0000     21  
33404                    1.0000     21  33405                    1.0000     21  
33406                    1.0000     21  33407                    1.0000     21  
33408                    1.0000     21  33409                    1.0000     21  
33410                    1.0000     21  33411                    1.0000     21  
33412                    1.0000     21  33413                    1.0000     21  
33414                    1.0000     21  33415                    1.0000     21  
33416                    1.0000     21  33417                    1.0000     21  
33418                    1.0000     21  33419                    1.0000     21  
33420                    1.0000     21  33421                    1.0000     21  
33422                    1.0000     21  33423                    1.0000     21  
33424                    1.0000     21  33425                    1.0000     21  
33426                    1.0000     21  33427                    1.0000     21  
33428                    1.0000     21  33429                    1.0000     21  
33430                    1.0000     21  33431                    1.0000     21  
33432                    1.0000     21  33433                    1.0000     21  
33434                    1.0000     21  33435                    1.0000     21  
33436                    1.0000     21  33437                    1.0000     21  
33438                    1.0000     21  33439                    1.0000     21  
33440                    1.0000     21  33441                    1.0000     21  
33442                    1.0000     21  33443                    1.0000     21  
33444                    1.0000     21  33445                    1.0000     21  
33446                    1.0000     21  33447                    1.0000     21  
33448                    1.0000     21  33449                    1.0000     21  
33450                    1.0000     21  33451                    1.0000     21  
33452                    1.0000     21  33453                    1.0000     21  
33454                    1.0000     21  33455                    1.0000     21  
33456                    1.0000     21  33457                    1.0000     21  
33458                    1.0000     21  33459                    1.0000     21  
33460                    1.0000     21  33461                    1.0000     21  
33462                    1.0000     21  33463                    1.0000     21  
33464                    1.0000     21  33465                    1.0000     21  
33466                    1.0000     21  33467                    1.0000     21  
33468                    1.0000     21  33469                    1.0000     21  
33470                    1.0000     21  33471                    1.0000     21  
33472                    1.0000     21  33473                    1.0000     21  
33474                    1.0000     21  33475                    1.0000     21  
33476                    1.0000     21  33477                    1.0000     21  
33478                    1.0000     21  33479                    1.0000     21  
33480                    1.0000     21  33481                    1.0000     21  
33482                    1.0000     21  33483                    1.0000     21  
33484                    1.0000     21  33485                    1.0000     21  
33486                    1.0000     21  33487                    1.0000     21  
33488                    1.0000     21  33489                    1.0000     21  
33490                    1.0000     21  33491                    1.0000     21  
33492                    1.0000     21  33493                    1.0000     21  
33494                    1.0000     21  33495                    1.0000     21  
33496                    1.0000     21  33497                    1.0000     21  
33498                    1.0000     21  33499                    1.0000     21  
33500                    1.0000     21  33501                    1.0000     21  
33502                    1.0000     21  33503                    1.0000     21  
33504                    1.0000     21  33505                    1.0000     21  
33506                    1.0000     21  33507                    1.0000     21  
33508                    1.0000     21  33509                    1.0000     21  
33510                    1.0000     21  33511                    1.0000     21  
33512                    1.0000     21  33513                    1.0000     21  
33514                    1.0000     21  33515                    1.0000     21  
33516                    1.0000     21  33517                    1.0000     21  
33518                    1.0000     21  33519                    1.0000     21  
33520                    1.0000     21  33521                    1.0000     21  
33522                    1.0000     21  33523                    1.0000     21  
33524                    1.0000     21  33525                    1.0000     21  
33526                    1.0000     21  33527                    1.0000     21  
33528                    1.0000     21  33529                    1.0000     21  
33530                    1.0000     21  33531                    1.0000     21  
33532                    1.0000     21  33533                    1.0000     21  
33534                    1.0000     21  33535                    1.0000     21  
33536                    1.0000     21  33537                    1.0000     21  
33538                    1.0000     21  33539                    1.0000     21  
33540                    1.0000     21  33541                    1.0000     21  
33542                    1.0000     21  33543                    1.0000     21  
33544                    1.0000     21  33545                    1.0000     21  
33546                    1.0000     21  33547                    1.0000     21  
33548                    1.0000     21  33549                    1.0000     21  
33550                    1.0000     21  33551                    1.0000     21  
33552                    1.0000     21  33553                    1.0000     21  
33554                    1.0000     21  33555                    1.0000     21  
33556                    1.0000     21  33557                    1.0000     21  
33558                    1.0000     21  33559                    1.0000     21  
33560                    1.0000     21  33561                    1.0000     21  
33562                    1.0000     21  33563                    1.0000     21  
33564                    1.0000     21  33565                    1.0000     21  
33566                    1.0000     21  33567                    1.0000     21  
33568                    1.0000     21  33569                    1.0000     21  
33570                    1.0000     21  33571                    1.0000     21  
33572                    1.0000     21  33573                    1.0000     21  
********************************************************************************

********************************************************************************
COMMAND LINE SUMMARY
********************************************************************************
This information can also be useful in the event you wish to report a
problem with the MEME software.

command: meme data/tmp_memedir/10_FALSE_TRUE_FALSE_NA_15_53_113/SALL3.fasta -oc data/tmp_memedir/10_FALSE_TRUE_FALSE_NA_15_53_113/SALL3 -nmotifs 6 -dna -maxw 15 -p 3 -seed 53 

model:  mod=         zoops    nmotifs=         6    evt=           inf
objective function:           em=       E-value of product of p-values
                              starts=   E-value of product of p-values
strands: +
width:  minw=            8    maxw=           15
nsites: minsites=        2    maxsites=      546    wnsites=       0.8
theta:  spmap=         uni    spfuzz=        0.5
em:     prior=   dirichlet    b=            0.01    maxiter=        50
        distance=    1e-05
trim:   wg=             11    ws=              1    endgaps=       yes
data:   n=           11466    N=             546
sample: seed=           53    hsfrac=          0
        searchsize=  11466    norand=         no    csites=       1000
Letter frequencies in dataset:
A 0.369 C 0.123 G 0.135 T 0.374 
Background letter frequencies (from file dataset with add-one prior applied):
A 0.369 C 0.123 G 0.135 T 0.374 
Background model order: 0
********************************************************************************


********************************************************************************
MOTIF GAHNSSASMMBRSRS MEME-1	width =  15  sites =  37  llr = 311  E-value = 1.1e-013
********************************************************************************
--------------------------------------------------------------------------------
	Motif GAHNSSASMMBRSRS MEME-1 Description
--------------------------------------------------------------------------------
Simplified        A  :632116224:4151
pos.-specific     C  31322313443:315
probability       G  721355152145555
matrix            T  :1432:2:21411::

         bits    3.0                
                 2.7                
                 2.4                
                 2.1 *              
Relative         1.8 *              
Entropy          1.5 *             *
(12.1 bits)      1.2 *    * *      *
                 0.9 *    * *  *****
                 0.6 *   ** * ******
                 0.3 ** ************
                 0.0 ---------------

Multilevel           GATGGGAGCATGGAC
consensus            C ATCCTCACGACGG
sequence               CA   A  C    
                                    
--------------------------------------------------------------------------------

--------------------------------------------------------------------------------
	Motif GAHNSSASMMBRSRS MEME-1 sites sorted by position p-value
--------------------------------------------------------------------------------
Sequence name             Start   P-value                 Site    
-------------             ----- ---------            ---------------
33341                         1  4.54e-08          . CACTCCAGCCTGGGC GACAGT    
33306                         2  4.54e-08          T GAGAGCAGCCTGGGC AACAA     
33197                         1  6.57e-08          . GACCTGAGACGGGGC CACTGC    
33495                         4  1.84e-06        GTA GCTAGGACCACAGGC ATG       
33304                         7  1.84e-06     TCGCTT GAACCCAGGAGGCAG           
33337                         6  3.16e-06      GAGGT GGAGGGTGCAGTGAG T         
33252                         7  6.78e-06     TCTGAC CATGTGAGCACAGAG           
33117                         1  6.78e-06          . GGCTGAAGGAGAGGG TAATCC    
33259                         3  8.63e-06         GA GCCACCACGCCTGGC CCAA      
33436                         2  1.09e-05          T GTTGGGACAACAGGC TTTTA     
33464                         6  1.23e-05      TCAAA GGGTCCTCCCGGAGG A         
33034                         7  1.38e-05     TTGTAG GGCCTGTGGGGGGAC           
33529                         3  1.73e-05         GT GAGCCGAGATTGCGC CACT      
33096                         2  1.93e-05          T GGCGCGCGTATGAGG AAATT     
33358                         6  2.67e-05      AGATA CATGTGACCAGGTGC G         
33412                         5  2.97e-05       ATCA GCTGGGACTACACAG CA        
33113                         4  2.97e-05        TGC CACTGCACTCCAGCC TGG       
33263                         5  3.65e-05       AAAG GAATCCAAAAGGGAG TT        
33078                         3  4.48e-05         TA GGCAGGAGATGGAAG ACAC      
33082                         4  4.95e-05        AGG CATGAGCCACCGCAC CCA       
33385                         5  5.46e-05       TTAA GGTCAGTGCCTACAG TC        
33355                         2  5.46e-05          T CATAGCTCACTGCAG CCTCA     
33548                         6  7.30e-05      GATAT CATTGCAGCCTGAGA A         
33146                         1  7.30e-05          . GATGGCAATATAGAG TTTATA    
33542                         2  8.02e-05          T GATGGGTACATGGAA GGTTC     
33394                         4  8.02e-05        TGT GAAGGGAATGTGCAG GGA       
33189                         3  1.51e-04         TT GATTTCAAACTAGGC TAAT      
33367                         4  1.64e-04        ATA GAAGGAGGTCCTGAC ATT       
33046                         4  1.79e-04        TAG CAACTGAGCCTTCCC TTC       
33305                         1  2.11e-04          . CACACACACACAGGG AACTCC    
33320                         3  2.29e-04         GT GTCTGGTGAAGAAGG CTCA      
33240                         2  2.29e-04          A GAAATGTAGAGGCAC ACTCC     
33207                         7  2.48e-04     TAGCAA GAATACAATCTGGAC           
33060                         5  2.48e-04       GAGA GTATCGAGGTCTGGC AC        
33268                         2  2.91e-04          C CATGAAGCCAGAGGG TTTTG     
33303                         7  3.15e-04     GGGGTG GAAAGGTGCTTGCAA           
33055                         2  3.40e-04          A CAAAGAAGCCGATAG GAAAT     
--------------------------------------------------------------------------------

--------------------------------------------------------------------------------
	Motif GAHNSSASMMBRSRS MEME-1 block diagrams
--------------------------------------------------------------------------------
SEQUENCE NAME            POSITION P-VALUE  MOTIF DIAGRAM
-------------            ----------------  -------------
33341                             4.5e-08  [+1]_6
33306                             4.5e-08  1_[+1]_5
33197                             6.6e-08  [+1]_6
33495                             1.8e-06  3_[+1]_3
33304                             1.8e-06  6_[+1]
33337                             3.2e-06  5_[+1]_1
33252                             6.8e-06  6_[+1]
33117                             6.8e-06  [+1]_6
33259                             8.6e-06  2_[+1]_4
33436                             1.1e-05  1_[+1]_5
33464                             1.2e-05  5_[+1]_1
33034                             1.4e-05  6_[+1]
33529                             1.7e-05  2_[+1]_4
33096                             1.9e-05  1_[+1]_5
33358                             2.7e-05  5_[+1]_1
33412                               3e-05  4_[+1]_2
33113                               3e-05  3_[+1]_3
33263                             3.7e-05  4_[+1]_2
33078                             4.5e-05  2_[+1]_4
33082                               5e-05  3_[+1]_3
33385                             5.5e-05  4_[+1]_2
33355                             5.5e-05  1_[+1]_5
33548                             7.3e-05  5_[+1]_1
33146                             7.3e-05  [+1]_6
33542                               8e-05  1_[+1]_5
33394                               8e-05  3_[+1]_3
33189                             0.00015  2_[+1]_4
33367                             0.00016  3_[+1]_3
33046                             0.00018  3_[+1]_3
33305                             0.00021  [+1]_6
33320                             0.00023  2_[+1]_4
33240                             0.00023  1_[+1]_5
33207                             0.00025  6_[+1]
33060                             0.00025  4_[+1]_2
33268                             0.00029  1_[+1]_5
33303                             0.00031  6_[+1]
33055                             0.00034  1_[+1]_5
--------------------------------------------------------------------------------

--------------------------------------------------------------------------------
	Motif GAHNSSASMMBRSRS MEME-1 in BLOCKS format
--------------------------------------------------------------------------------
BL   MOTIF GAHNSSASMMBRSRS width=15 seqs=37
33341                    (    1) CACTCCAGCCTGGGC  1 
33306                    (    2) GAGAGCAGCCTGGGC  1 
33197                    (    1) GACCTGAGACGGGGC  1 
33495                    (    4) GCTAGGACCACAGGC  1 
33304                    (    7) GAACCCAGGAGGCAG  1 
33337                    (    6) GGAGGGTGCAGTGAG  1 
33252                    (    7) CATGTGAGCACAGAG  1 
33117                    (    1) GGCTGAAGGAGAGGG  1 
33259                    (    3) GCCACCACGCCTGGC  1 
33436                    (    2) GTTGGGACAACAGGC  1 
33464                    (    6) GGGTCCTCCCGGAGG  1 
33034                    (    7) GGCCTGTGGGGGGAC  1 
33529                    (    3) GAGCCGAGATTGCGC  1 
33096                    (    2) GGCGCGCGTATGAGG  1 
33358                    (    6) CATGTGACCAGGTGC  1 
33412                    (    5) GCTGGGACTACACAG  1 
33113                    (    4) CACTGCACTCCAGCC  1 
33263                    (    5) GAATCCAAAAGGGAG  1 
33078                    (    3) GGCAGGAGATGGAAG  1 
33082                    (    4) CATGAGCCACCGCAC  1 
33385                    (    5) GGTCAGTGCCTACAG  1 
33355                    (    2) CATAGCTCACTGCAG  1 
33548                    (    6) CATTGCAGCCTGAGA  1 
33146                    (    1) GATGGCAATATAGAG  1 
33542                    (    2) GATGGGTACATGGAA  1 
33394                    (    4) GAAGGGAATGTGCAG  1 
33189                    (    3) GATTTCAAACTAGGC  1 
33367                    (    4) GAAGGAGGTCCTGAC  1 
33046                    (    4) CAACTGAGCCTTCCC  1 
33305                    (    1) CACACACACACAGGG  1 
33320                    (    3) GTCTGGTGAAGAAGG  1 
33240                    (    2) GAAATGTAGAGGCAC  1 
33207                    (    7) GAATACAATCTGGAC  1 
33060                    (    5) GTATCGAGGTCTGGC  1 
33268                    (    2) CATGAAGCCAGAGGG  1 
33303                    (    7) GAAAGGTGCTTGCAA  1 
33055                    (    2) CAAAGAAGCCGATAG  1 
//

--------------------------------------------------------------------------------

--------------------------------------------------------------------------------
	Motif GAHNSSASMMBRSRS MEME-1 position-specific scoring matrix
--------------------------------------------------------------------------------
log-odds matrix: alength= 4 w= 15 n= 3822 bayes= 7.55618 E= 1.1e-013 
 -1185    127    238  -1185 
    82    -60     49   -220 
   -31    114    -73     -9 
   -60     40    127    -47 
  -177     99    177    -98 
  -145    140    200  -1185 
    75    -60   -132    -62 
   -77    114    193  -1185 
   -60    172     27    -98 
    23    172   -132   -179 
 -1185    114    138      2 
    -7  -1185    193   -147 
  -145    114    200   -279 
    40   -118    177  -1185 
  -218    190    177  -1185 
--------------------------------------------------------------------------------

--------------------------------------------------------------------------------
	Motif GAHNSSASMMBRSRS MEME-1 position-specific probability matrix
--------------------------------------------------------------------------------
letter-probability matrix: alength= 4 w= 15 nsites= 37 E= 1.1e-013 
 0.000000  0.297297  0.702703  0.000000 
 0.648649  0.081081  0.189189  0.081081 
 0.297297  0.270270  0.081081  0.351351 
 0.243243  0.162162  0.324324  0.270270 
 0.108108  0.243243  0.459459  0.189189 
 0.135135  0.324324  0.540541  0.000000 
 0.621622  0.081081  0.054054  0.243243 
 0.216216  0.270270  0.513514  0.000000 
 0.243243  0.405405  0.162162  0.189189 
 0.432432  0.405405  0.054054  0.108108 
 0.000000  0.270270  0.351351  0.378378 
 0.351351  0.000000  0.513514  0.135135 
 0.135135  0.270270  0.540541  0.054054 
 0.486486  0.054054  0.459459  0.000000 
 0.081081  0.459459  0.459459  0.000000 
--------------------------------------------------------------------------------

--------------------------------------------------------------------------------
	Motif GAHNSSASMMBRSRS MEME-1 regular expression
--------------------------------------------------------------------------------
[GC]A[TAC][GTA][GC][GC][AT][GCA][CA][AC][TGC][GA][GC][AG][CG]
--------------------------------------------------------------------------------




Time  5.36 secs.

********************************************************************************


********************************************************************************
MOTIF TATTAATWAWTAATA MEME-2	width =  15  sites =  39  llr = 297  E-value = 5.1e-003
********************************************************************************
--------------------------------------------------------------------------------
	Motif TATTAATWAWTAATA MEME-2 Description
--------------------------------------------------------------------------------
Simplified        A  :a1:781563178:8
pos.-specific     C  2::::::1:1:::1:
probability       G  :::::11:21:1:::
matrix            T  8:8a32843592192

         bits    3.0                
                 2.7                
                 2.4                
                 2.1                
Relative         1.8                
Entropy          1.5    *           
(11.0 bits)      1.2  * *      *  * 
                 0.9 ** *      *  * 
                 0.6 *******   * ***
                 0.3 ********* *****
                 0.0 ---------------

Multilevel           TATTAATAATTAATA
consensus                T  TTA T   
sequence                            
                                    
--------------------------------------------------------------------------------

--------------------------------------------------------------------------------
	Motif TATTAATWAWTAATA MEME-2 sites sorted by position p-value
--------------------------------------------------------------------------------
Sequence name             Start   P-value                 Site    
-------------             ----- ---------            ---------------
33539                         2  3.52e-07          C TATTAATAATTAATA GCAAT     
33161                         7  9.53e-07     TATTAA TATTAATTATTAATA           
33164                         6  4.20e-06      GTTAC TATTTATAATTAATA G         
33052                         1  6.71e-06          . TATTAATAACTAACA TAATGA    
33392                         1  8.51e-06          . TATTAATAACTGATA TTGATC    
33192                         7  8.51e-06     GCCCGA TATTAATAACTGATA           
33168                         3  1.59e-05         AA TATTAGTTATTAATA TTAA      
33463                         6  2.06e-05      TTAAT TATTAATTGTTAATT A         
33160                         2  2.95e-05          T TATTAAAAATTAATA AATTG     
33370                         2  3.22e-05          A TATTTATATATAATA TGCTA     
33513                         4  4.16e-05        TTC TATTAATAGTTTACA AAC       
33490                         4  4.16e-05        TTT TAATAATATTTAATA TTT       
33418                         5  4.16e-05       TTAA TACTAATAACTAATA TT        
33157                         3  4.85e-05         GA TATTTTTAGTTAATA AAAG      
33390                         3  6.15e-05         AT TATTAGGAGTTAATA TTAC      
33419                         4  6.70e-05        TAA TATTAATAACAAATA TTA       
33254                         3  6.70e-05         TA TATTAATTATTGATT ATTA      
33550                         5  7.76e-05       TTAT TATTTATTATTATTA TT        
33162                         1  7.76e-05          . TAATAATATATAATA ATAAAA    
33541                         1  8.33e-05          . TATTAATTAATAGTA ACAGTA    
33556                         1  9.08e-05          . CATTTATCAATAATA TTAGCT    
33235                         1  1.59e-04          . CATTATGTAATAATA TATTCT    
33468                         2  1.85e-04          T TAATATTTAATAATA TTTAA     
33167                         3  1.85e-04         GT CATTAATCAATATTA ATCA      
33491                         7  2.20e-04     TTGTTT CATTTATATATTATA           
33279                         1  2.20e-04          . CATTTAAAGTTAATA TTTTGA    
33354                         1  2.36e-04          . CATTATTTAATAATT TATTAA    
33551                         4  2.60e-04        GAA TATTAATGATTAATG ACG       
33461                         2  2.60e-04          A TTTTAATATTTAATA TTAAT     
33480                         5  2.97e-04       TTAT TATTATTATTTTACA AT        
33227                         6  3.25e-04      ATTAA TATTAATTGGTATCA C         
33165                         5  3.25e-04       ATAA TATTAAGTAATTATT AT        
33506                         1  3.69e-04          . TAATAATTATTTATT ATTATT    
33543                         5  4.01e-04       TATA TATTTAATATTTATA TA        
33362                         3  4.01e-04         AA TAATTATTATTATTA TAAT      
33031                         2  4.26e-04          A TATTATTATGTAATT AATGA     
33028                         4  4.26e-04        TCT TATTTAGTTATTATA TTA       
33363                         5  5.57e-04       AATA TATTAATATTAATTA AT        
33245                         1  7.57e-04          . TATTATTTTATTATT AATGCT    
--------------------------------------------------------------------------------

--------------------------------------------------------------------------------
	Motif TATTAATWAWTAATA MEME-2 block diagrams
--------------------------------------------------------------------------------
SEQUENCE NAME            POSITION P-VALUE  MOTIF DIAGRAM
-------------            ----------------  -------------
33539                             3.5e-07  1_[+2]_5
33161                             9.5e-07  6_[+2]
33164                             4.2e-06  5_[+2]_1
33052                             6.7e-06  [+2]_6
33392                             8.5e-06  [+2]_6
33192                             8.5e-06  6_[+2]
33168                             1.6e-05  2_[+2]_4
33463                             2.1e-05  5_[+2]_1
33160                               3e-05  1_[+2]_5
33370                             3.2e-05  1_[+2]_5
33513                             4.2e-05  3_[+2]_3
33490                             4.2e-05  3_[+2]_3
33418                             4.2e-05  4_[+2]_2
33157                             4.9e-05  2_[+2]_4
33390                             6.1e-05  2_[+2]_4
33419                             6.7e-05  3_[+2]_3
33254                             6.7e-05  2_[+2]_4
33550                             7.8e-05  4_[+2]_2
33162                             7.8e-05  [+2]_6
33541                             8.3e-05  [+2]_6
33556                             9.1e-05  [+2]_6
33235                             0.00016  [+2]_6
33468                             0.00018  1_[+2]_5
33167                             0.00018  2_[+2]_4
33491                             0.00022  6_[+2]
33279                             0.00022  [+2]_6
33354                             0.00024  [+2]_6
33551                             0.00026  3_[+2]_3
33461                             0.00026  1_[+2]_5
33480                              0.0003  4_[+2]_2
33227                             0.00032  5_[+2]_1
33165                             0.00032  4_[+2]_2
33506                             0.00037  [+2]_6
33543                              0.0004  4_[+2]_2
33362                              0.0004  2_[+2]_4
33031                             0.00043  1_[+2]_5
33028                             0.00043  3_[+2]_3
33363                             0.00056  4_[+2]_2
33245                             0.00076  [+2]_6
--------------------------------------------------------------------------------

--------------------------------------------------------------------------------
	Motif TATTAATWAWTAATA MEME-2 in BLOCKS format
--------------------------------------------------------------------------------
BL   MOTIF TATTAATWAWTAATA width=15 seqs=39
33539                    (    2) TATTAATAATTAATA  1 
33161                    (    7) TATTAATTATTAATA  1 
33164                    (    6) TATTTATAATTAATA  1 
33052                    (    1) TATTAATAACTAACA  1 
33392                    (    1) TATTAATAACTGATA  1 
33192                    (    7) TATTAATAACTGATA  1 
33168                    (    3) TATTAGTTATTAATA  1 
33463                    (    6) TATTAATTGTTAATT  1 
33160                    (    2) TATTAAAAATTAATA  1 
33370                    (    2) TATTTATATATAATA  1 
33513                    (    4) TATTAATAGTTTACA  1 
33490                    (    4) TAATAATATTTAATA  1 
33418                    (    5) TACTAATAACTAATA  1 
33157                    (    3) TATTTTTAGTTAATA  1 
33390                    (    3) TATTAGGAGTTAATA  1 
33419                    (    4) TATTAATAACAAATA  1 
33254                    (    3) TATTAATTATTGATT  1 
33550                    (    5) TATTTATTATTATTA  1 
33162                    (    1) TAATAATATATAATA  1 
33541                    (    1) TATTAATTAATAGTA  1 
33556                    (    1) CATTTATCAATAATA  1 
33235                    (    1) CATTATGTAATAATA  1 
33468                    (    2) TAATATTTAATAATA  1 
33167                    (    3) CATTAATCAATATTA  1 
33491                    (    7) CATTTATATATTATA  1 
33279                    (    1) CATTTAAAGTTAATA  1 
33354                    (    1) CATTATTTAATAATT  1 
33551                    (    4) TATTAATGATTAATG  1 
33461                    (    2) TTTTAATATTTAATA  1 
33480                    (    5) TATTATTATTTTACA  1 
33227                    (    6) TATTAATTGGTATCA  1 
33165                    (    5) TATTAAGTAATTATT  1 
33506                    (    1) TAATAATTATTTATT  1 
33543                    (    5) TATTTAATATTTATA  1 
33362                    (    3) TAATTATTATTATTA  1 
33031                    (    2) TATTATTATGTAATT  1 
33028                    (    4) TATTTAGTTATTATA  1 
33363                    (    5) TATTAATATTAATTA  1 
33245                    (    1) TATTATTTTATTATT  1 
//

--------------------------------------------------------------------------------

--------------------------------------------------------------------------------
	Motif TATTAATWAWTAATA MEME-2 position-specific scoring matrix
--------------------------------------------------------------------------------
log-odds matrix: alength= 4 w= 15 n= 3822 bayes= 7.52774 E= 5.1e-003 
 -1193     32  -1193    118 
   140  -1193  -1193   -386 
  -152   -226  -1193    118 
 -1193  -1193  -1193    142 
   101  -1193  -1193    -54 
   106  -1193   -139   -106 
  -226  -1193    -39    113 
    48   -126   -239     13 
    68  -1193     19    -54 
   -26      6   -139     46 
  -284  -1193  -1193    134 
    96  -1193    -81    -86 
   120  -1193   -239   -154 
 -1193    -26  -1193    126 
   111  -1193   -239   -106 
--------------------------------------------------------------------------------

--------------------------------------------------------------------------------
	Motif TATTAATWAWTAATA MEME-2 position-specific probability matrix
--------------------------------------------------------------------------------
letter-probability matrix: alength= 4 w= 15 nsites= 39 E= 5.1e-003 
 0.000000  0.153846  0.000000  0.846154 
 0.974359  0.000000  0.000000  0.025641 
 0.128205  0.025641  0.000000  0.846154 
 0.000000  0.000000  0.000000  1.000000 
 0.743590  0.000000  0.000000  0.256410 
 0.769231  0.000000  0.051282  0.179487 
 0.076923  0.000000  0.102564  0.820513 
 0.512821  0.051282  0.025641  0.410256 
 0.589744  0.000000  0.153846  0.256410 
 0.307692  0.128205  0.051282  0.512821 
 0.051282  0.000000  0.000000  0.948718 
 0.717949  0.000000  0.076923  0.205128 
 0.846154  0.000000  0.025641  0.128205 
 0.000000  0.102564  0.000000  0.897436 
 0.794872  0.000000  0.025641  0.179487 
--------------------------------------------------------------------------------

--------------------------------------------------------------------------------
	Motif TATTAATWAWTAATA MEME-2 regular expression
--------------------------------------------------------------------------------
TATT[AT]AT[AT][AT][TA]T[AT]ATA
--------------------------------------------------------------------------------




Time  6.66 secs.

********************************************************************************


********************************************************************************
MOTIF GCCCVAGG MEME-3	width =   8  sites =   7  llr = 79  E-value = 1.0e+000
********************************************************************************
--------------------------------------------------------------------------------
	Motif GCCCVAGG MEME-3 Description
--------------------------------------------------------------------------------
Simplified        A  ::::47::
pos.-specific     C  :a773::1
probability       G  a:::33a9
matrix            T  ::33::::

         bits    3.0 **    * 
                 2.7 **    * 
                 2.4 **    **
                 2.1 **    **
Relative         1.8 ****  **
Entropy          1.5 ****  **
(16.3 bits)      1.2 ****  **
                 0.9 **** ***
                 0.6 ********
                 0.3 ********
                 0.0 --------

Multilevel           GCCCAAGG
consensus              TTCG  
sequence                 G   
                             
--------------------------------------------------------------------------------

--------------------------------------------------------------------------------
	Motif GCCCVAGG MEME-3 sites sorted by position p-value
--------------------------------------------------------------------------------
Sequence name             Start   P-value              Site
-------------             ----- ---------            --------
33534                        13  2.84e-07 ACAGTAAAAT GCCCCAGG G         
33399                         1  8.23e-07          . GCCCAGGG TAAAGTACCA
33471                        10  1.45e-06  GATACAATC GCCCAAGG GTAA      
33314                         1  1.71e-06          . GCCCCAGC TCAAAAATAA
33287                         3  4.22e-06         TT GCCTGGGG ATCATTTTCC
33449                         8  1.16e-05    AAATCTT GCTCAAGG ACACAA    
33487                         4  2.04e-05        AGT GCTTGAGG TGATAGATAC
--------------------------------------------------------------------------------

--------------------------------------------------------------------------------
	Motif GCCCVAGG MEME-3 block diagrams
--------------------------------------------------------------------------------
SEQUENCE NAME            POSITION P-VALUE  MOTIF DIAGRAM
-------------            ----------------  -------------
33534                             2.8e-07  12_[+3]_1
33399                             8.2e-07  [+3]_13
33471                             1.4e-06  9_[+3]_4
33314                             1.7e-06  [+3]_13
33287                             4.2e-06  2_[+3]_11
33449                             1.2e-05  7_[+3]_6
33487                               2e-05  3_[+3]_10
--------------------------------------------------------------------------------

--------------------------------------------------------------------------------
	Motif GCCCVAGG MEME-3 in BLOCKS format
--------------------------------------------------------------------------------
BL   MOTIF GCCCVAGG width=8 seqs=7
33534                    (   13) GCCCCAGG  1 
33399                    (    1) GCCCAGGG  1 
33471                    (   10) GCCCAAGG  1 
33314                    (    1) GCCCCAGC  1 
33287                    (    3) GCCTGGGG  1 
33449                    (    8) GCTCAAGG  1 
33487                    (    4) GCTTGAGG  1 
//

--------------------------------------------------------------------------------

--------------------------------------------------------------------------------
	Motif GCCCVAGG MEME-3 position-specific scoring matrix
--------------------------------------------------------------------------------
log-odds matrix: alength= 4 w= 8 n= 7644 bayes= 11.3146 E= 1.0e+000 
  -945   -945    289   -945 
  -945    302   -945   -945 
  -945    254   -945    -39 
  -945    254   -945    -39 
    22    122    108   -945 
    95   -945    108   -945 
  -945   -945    289   -945 
  -945     22    267   -945 
--------------------------------------------------------------------------------

--------------------------------------------------------------------------------
	Motif GCCCVAGG MEME-3 position-specific probability matrix
--------------------------------------------------------------------------------
letter-probability matrix: alength= 4 w= 8 nsites= 7 E= 1.0e+000 
 0.000000  0.000000  1.000000  0.000000 
 0.000000  1.000000  0.000000  0.000000 
 0.000000  0.714286  0.000000  0.285714 
 0.000000  0.714286  0.000000  0.285714 
 0.428571  0.285714  0.285714  0.000000 
 0.714286  0.000000  0.285714  0.000000 
 0.000000  0.000000  1.000000  0.000000 
 0.000000  0.142857  0.857143  0.000000 
--------------------------------------------------------------------------------

--------------------------------------------------------------------------------
	Motif GCCCVAGG MEME-3 regular expression
--------------------------------------------------------------------------------
GC[CT][CT][ACG][AG]GG
--------------------------------------------------------------------------------




Time  7.96 secs.

********************************************************************************


********************************************************************************
MOTIF KCAAGHGAWTCTCC MEME-4	width =  14  sites =   4  llr = 67  E-value = 7.3e+000
********************************************************************************
--------------------------------------------------------------------------------
	Motif KCAAGHGAWTCTCC MEME-4 Description
--------------------------------------------------------------------------------
Simplified        A  ::a5:3:a5:::::
pos.-specific     C  :a:3:5::::83a8
probability       G  5::3a:a:::3:::
matrix            T  5::::3::5a:8:3

         bits    3.0  *  * *     * 
                 2.7  *  * *     * 
                 2.4  *  * *     * 
                 2.1  *  * *   * * 
Relative         1.8  *  * *   * **
Entropy          1.5  ** * ** ** **
(24.1 bits)      1.2 *** * ** ** **
                 0.9 *** * ** *****
                 0.6 ******** *****
                 0.3 **************
                 0.0 --------------

Multilevel           GCAAGCGAATCTCC
consensus            T  C A  T GC T
sequence                G T        
                                   
--------------------------------------------------------------------------------

--------------------------------------------------------------------------------
	Motif KCAAGHGAWTCTCC MEME-4 sites sorted by position p-value
--------------------------------------------------------------------------------
Sequence name             Start   P-value                 Site   
-------------             ----- ---------            --------------
33338                         3  3.45e-09         GT TCAAGCGATTCTCC TGTCT     
33231                         7  3.45e-09     CCAGGT TCAAGCGATTCTCC T         
33179                         6  2.06e-08      CTTTT GCACGTGAATGTCC AA        
33497                         7  5.49e-08     GCTGAG GCAGGAGAATCCCT T         
--------------------------------------------------------------------------------

--------------------------------------------------------------------------------
	Motif KCAAGHGAWTCTCC MEME-4 block diagrams
--------------------------------------------------------------------------------
SEQUENCE NAME            POSITION P-VALUE  MOTIF DIAGRAM
-------------            ----------------  -------------
33338                             3.4e-09  2_[+4]_5
33231                             3.4e-09  6_[+4]_1
33179                             2.1e-08  5_[+4]_2
33497                             5.5e-08  6_[+4]_1
--------------------------------------------------------------------------------

--------------------------------------------------------------------------------
	Motif KCAAGHGAWTCTCC MEME-4 in BLOCKS format
--------------------------------------------------------------------------------
BL   MOTIF KCAAGHGAWTCTCC width=14 seqs=4
33338                    (    3) TCAAGCGATTCTCC  1 
33231                    (    7) TCAAGCGATTCTCC  1 
33179                    (    6) GCACGTGAATGTCC  1 
33497                    (    7) GCAGGAGAATCCCT  1 
//

--------------------------------------------------------------------------------

--------------------------------------------------------------------------------
	Motif KCAAGHGAWTCTCC MEME-4 position-specific scoring matrix
--------------------------------------------------------------------------------
log-odds matrix: alength= 4 w= 14 n= 4368 bayes= 10.8289 E= 7.3e+000 
  -865   -865    189     42 
  -865    302   -865   -865 
   144   -865   -865   -865 
    44    102     89   -865 
  -865   -865    289   -865 
   -56    202   -865    -58 
  -865   -865    289   -865 
   144   -865   -865   -865 
    44   -865   -865     42 
  -865   -865   -865    142 
  -865    261     89   -865 
  -865    102   -865    100 
  -865    302   -865   -865 
  -865    261   -865    -58 
--------------------------------------------------------------------------------

--------------------------------------------------------------------------------
	Motif KCAAGHGAWTCTCC MEME-4 position-specific probability matrix
--------------------------------------------------------------------------------
letter-probability matrix: alength= 4 w= 14 nsites= 4 E= 7.3e+000 
 0.000000  0.000000  0.500000  0.500000 
 0.000000  1.000000  0.000000  0.000000 
 1.000000  0.000000  0.000000  0.000000 
 0.500000  0.250000  0.250000  0.000000 
 0.000000  0.000000  1.000000  0.000000 
 0.250000  0.500000  0.000000  0.250000 
 0.000000  0.000000  1.000000  0.000000 
 1.000000  0.000000  0.000000  0.000000 
 0.500000  0.000000  0.000000  0.500000 
 0.000000  0.000000  0.000000  1.000000 
 0.000000  0.750000  0.250000  0.000000 
 0.000000  0.250000  0.000000  0.750000 
 0.000000  1.000000  0.000000  0.000000 
 0.000000  0.750000  0.000000  0.250000 
--------------------------------------------------------------------------------

--------------------------------------------------------------------------------
	Motif KCAAGHGAWTCTCC MEME-4 regular expression
--------------------------------------------------------------------------------
[GT]CA[ACG]G[CAT]GA[AT]T[CG][TC]C[CT]
--------------------------------------------------------------------------------




Time  9.18 secs.

********************************************************************************


********************************************************************************
MOTIF KGGWACWTGTSCAG MEME-5	width =  14  sites =   5  llr = 75  E-value = 3.2e+001
********************************************************************************
--------------------------------------------------------------------------------
	Motif KGGWACWTGTSCAG MEME-5 Description
--------------------------------------------------------------------------------
Simplified        A  :::68:4:2:::a:
pos.-specific     C  ::2::82:::4a:2
probability       G  4a8:22::6:6::6
matrix            T  6::4::4a2a:::2

         bits    3.0  *         *  
                 2.7  *         *  
                 2.4  *   *     *  
                 2.1  **  *    **  
Relative         1.8  **  *    **  
Entropy          1.5  **  * * **** 
(21.6 bits)      1.2  **  * * *****
                 0.9 *** ** *******
                 0.6 ****** *******
                 0.3 **************
                 0.0 --------------

Multilevel           TGGAACATGTGCAG
consensus            G CTGGT A C  C
sequence                   C T    T
                                   
--------------------------------------------------------------------------------

--------------------------------------------------------------------------------
	Motif KGGWACWTGTSCAG MEME-5 sites sorted by position p-value
--------------------------------------------------------------------------------
Sequence name             Start   P-value                 Site   
-------------             ----- ---------            --------------
33410                         8  4.27e-09    TTCAATA TGGAACTTGTGCAG           
33450                         4  1.41e-08        TTA GGGTACATGTGCAC AACG      
33352                         2  3.91e-08          T TGGAGGCTGTCCAG TTTATT    
33064                         7  3.39e-07     TGCATA TGCTACATATGCAG A         
33049                         6  4.00e-07      TTGAT GGGAACTTTTCCAT TG        
--------------------------------------------------------------------------------

--------------------------------------------------------------------------------
	Motif KGGWACWTGTSCAG MEME-5 block diagrams
--------------------------------------------------------------------------------
SEQUENCE NAME            POSITION P-VALUE  MOTIF DIAGRAM
-------------            ----------------  -------------
33410                             4.3e-09  7_[+5]
33450                             1.4e-08  3_[+5]_4
33352                             3.9e-08  1_[+5]_6
33064                             3.4e-07  6_[+5]_1
33049                               4e-07  5_[+5]_2
--------------------------------------------------------------------------------

--------------------------------------------------------------------------------
	Motif KGGWACWTGTSCAG MEME-5 in BLOCKS format
--------------------------------------------------------------------------------
BL   MOTIF KGGWACWTGTSCAG width=14 seqs=5
33410                    (    8) TGGAACTTGTGCAG  1 
33450                    (    4) GGGTACATGTGCAC  1 
33352                    (    2) TGGAGGCTGTCCAG  1 
33064                    (    7) TGCTACATATGCAG  1 
33049                    (    6) GGGAACTTTTCCAT  1 
//

--------------------------------------------------------------------------------

--------------------------------------------------------------------------------
	Motif KGGWACWTGTSCAG MEME-5 position-specific scoring matrix
--------------------------------------------------------------------------------
log-odds matrix: alength= 4 w= 14 n= 4368 bayes= 10.021 E= 3.2e+001 
  -897   -897    157     68 
  -897   -897    289   -897 
  -897     70    257   -897 
    70   -897   -897     10 
   112   -897     57   -897 
  -897    270     57   -897 
    12     70   -897     10 
  -897   -897   -897    142 
   -88   -897    215    -90 
  -897   -897   -897    142 
  -897    170    215   -897 
  -897    302   -897   -897 
   144   -897   -897   -897 
  -897     70    215    -90 
--------------------------------------------------------------------------------

--------------------------------------------------------------------------------
	Motif KGGWACWTGTSCAG MEME-5 position-specific probability matrix
--------------------------------------------------------------------------------
letter-probability matrix: alength= 4 w= 14 nsites= 5 E= 3.2e+001 
 0.000000  0.000000  0.400000  0.600000 
 0.000000  0.000000  1.000000  0.000000 
 0.000000  0.200000  0.800000  0.000000 
 0.600000  0.000000  0.000000  0.400000 
 0.800000  0.000000  0.200000  0.000000 
 0.000000  0.800000  0.200000  0.000000 
 0.400000  0.200000  0.000000  0.400000 
 0.000000  0.000000  0.000000  1.000000 
 0.200000  0.000000  0.600000  0.200000 
 0.000000  0.000000  0.000000  1.000000 
 0.000000  0.400000  0.600000  0.000000 
 0.000000  1.000000  0.000000  0.000000 
 1.000000  0.000000  0.000000  0.000000 
 0.000000  0.200000  0.600000  0.200000 
--------------------------------------------------------------------------------

--------------------------------------------------------------------------------
	Motif KGGWACWTGTSCAG MEME-5 regular expression
--------------------------------------------------------------------------------
[TG]G[GC][AT][AG][CG][ATC]T[GAT]T[GC]CA[GCT]
--------------------------------------------------------------------------------




Time 10.43 secs.

********************************************************************************


********************************************************************************
MOTIF MMSWVCCTCTC MEME-6	width =  11  sites =   5  llr = 64  E-value = 1.2e+002
********************************************************************************
--------------------------------------------------------------------------------
	Motif MMSWVCCTCTC MEME-6 Description
--------------------------------------------------------------------------------
Simplified        A  66:42::::2:
pos.-specific     C  446:4a8:8:a
probability       G  ::4:4:2:2::
matrix            T  :::6:::a:8:

         bits    3.0      *    *
                 2.7      *    *
                 2.4      ** * *
                 2.1   *  ** * *
Relative         1.8   *  ** * *
Entropy          1.5   *  **** *
(18.5 bits)      1.2 *** ***** *
                 0.9 *** ***** *
                 0.6 ***********
                 0.3 ***********
                 0.0 -----------

Multilevel           AACTCCCTCTC
consensus            CCGAG G GA 
sequence                 A      
                                
--------------------------------------------------------------------------------

--------------------------------------------------------------------------------
	Motif MMSWVCCTCTC MEME-6 sites sorted by position p-value
--------------------------------------------------------------------------------
Sequence name             Start   P-value               Site  
-------------             ----- ---------            -----------
33274                         2  7.47e-08          A CACACCCTCTC CTTTCATAC 
33351                         3  7.52e-07         GT ACCTACCTCTC AATTGTGA  
33398                         8  8.82e-07    CTGAAGG ACGTGCCTGTC TTT       
33452                        11  9.60e-07 ACAAAAGCAA AACTCCGTCTC           
33384                         7  1.29e-06     TTGAGA CAGAGCCTCAC TCTG      
--------------------------------------------------------------------------------

--------------------------------------------------------------------------------
	Motif MMSWVCCTCTC MEME-6 block diagrams
--------------------------------------------------------------------------------
SEQUENCE NAME            POSITION P-VALUE  MOTIF DIAGRAM
-------------            ----------------  -------------
33274                             7.5e-08  1_[+6]_9
33351                             7.5e-07  2_[+6]_8
33398                             8.8e-07  7_[+6]_3
33452                             9.6e-07  10_[+6]
33384                             1.3e-06  6_[+6]_4
--------------------------------------------------------------------------------

--------------------------------------------------------------------------------
	Motif MMSWVCCTCTC MEME-6 in BLOCKS format
--------------------------------------------------------------------------------
BL   MOTIF MMSWVCCTCTC width=11 seqs=5
33274                    (    2) CACACCCTCTC  1 
33351                    (    3) ACCTACCTCTC  1 
33398                    (    8) ACGTGCCTGTC  1 
33452                    (   11) AACTCCGTCTC  1 
33384                    (    7) CAGAGCCTCAC  1 
//

--------------------------------------------------------------------------------

--------------------------------------------------------------------------------
	Motif MMSWVCCTCTC MEME-6 position-specific scoring matrix
--------------------------------------------------------------------------------
log-odds matrix: alength= 4 w= 11 n= 6006 bayes= 11.1731 E= 1.2e+002 
    70    170   -897   -897 
    70    170   -897   -897 
  -897    229    157   -897 
    12   -897   -897     68 
   -88    170    157   -897 
  -897    302   -897   -897 
  -897    270     57   -897 
  -897   -897   -897    142 
  -897    270     57   -897 
   -88   -897   -897    110 
  -897    302   -897   -897 
--------------------------------------------------------------------------------

--------------------------------------------------------------------------------
	Motif MMSWVCCTCTC MEME-6 position-specific probability matrix
--------------------------------------------------------------------------------
letter-probability matrix: alength= 4 w= 11 nsites= 5 E= 1.2e+002 
 0.600000  0.400000  0.000000  0.000000 
 0.600000  0.400000  0.000000  0.000000 
 0.000000  0.600000  0.400000  0.000000 
 0.400000  0.000000  0.000000  0.600000 
 0.200000  0.400000  0.400000  0.000000 
 0.000000  1.000000  0.000000  0.000000 
 0.000000  0.800000  0.200000  0.000000 
 0.000000  0.000000  0.000000  1.000000 
 0.000000  0.800000  0.200000  0.000000 
 0.200000  0.000000  0.000000  0.800000 
 0.000000  1.000000  0.000000  0.000000 
--------------------------------------------------------------------------------

--------------------------------------------------------------------------------
	Motif MMSWVCCTCTC MEME-6 regular expression
--------------------------------------------------------------------------------
[AC][AC][CG][TA][CGA]C[CG]T[CG][TA]C
--------------------------------------------------------------------------------




Time 11.65 secs.

********************************************************************************


********************************************************************************
SUMMARY OF MOTIFS
********************************************************************************

--------------------------------------------------------------------------------
	Combined block diagrams: non-overlapping sites with p-value < 0.0001
--------------------------------------------------------------------------------
SEQUENCE NAME            COMBINED P-VALUE  MOTIF DIAGRAM
-------------            ----------------  -------------
33028                            2.56e-01  21
33029                            9.71e-01  21
33030                            7.27e-01  21
33031                            3.58e-01  21
33032                            6.32e-01  21
33033                            6.49e-01  21
33034                            8.69e-06  6_[+1(1.38e-05)]
33035                            6.47e-01  21
33036                            8.48e-01  21
33037                            3.60e-01  21
33038                            3.48e-01  21
33039                            6.10e-01  21
33040                            5.00e-01  21
33041                            3.24e-01  21
33042                            5.51e-02  21
33043                            1.72e-01  21
33044                            9.26e-01  21
33045                            5.83e-01  21
33046                            1.12e-04  21
33047                            9.07e-01  21
33048                            5.78e-01  21
33049                            9.15e-05  5_[+5(4.00e-07)]_2
33050                            7.95e-01  21
33051                            8.97e-01  21
33052                            2.11e-02  [+2(6.71e-06)]_6
33053                            4.26e-01  21
33054                            5.04e-01  21
33055                            4.10e-02  21
33056                            3.02e-02  21
33057                            3.16e-01  21
33058                            9.81e-01  21
33059                            6.52e-03  21
33060                            6.76e-04  21
33061                            5.62e-01  21
33062                            6.82e-01  21
33063                            2.84e-01  21
33064                            4.46e-04  6_[+5(3.39e-07)]_1
33065                            6.28e-01  21
33066                            1.12e-01  21
33067                            4.75e-01  21
33068                            9.25e-01  21
33069                            5.89e-01  21
33070                            8.66e-01  21
33071                            9.32e-01  21
33072                            8.23e-01  21
33073                            1.17e-01  21
33074                            7.98e-01  21
33075                            9.90e-01  21
33076                            1.11e-01  21
33077                            7.81e-01  21
33078                            2.32e-04  2_[+1(4.48e-05)]_4
33079                            8.59e-01  21
33080                            2.78e-01  21
33081                            2.98e-01  21
33082                            4.36e-05  3_[+1(4.95e-05)]_3
33083                            6.49e-02  21
33084                            5.43e-01  21
33085                            9.74e-02  21
33086                            6.22e-01  21
33087                            6.40e-02  21
33088                            2.31e-01  21
33089                            1.17e-01  21
33090                            8.50e-01  21
33091                            2.56e-01  21
33092                            3.69e-02  21
33093                            1.72e-01  21
33094                            5.46e-01  21
33095                            7.50e-01  21
33096                            3.67e-04  1_[+1(1.93e-05)]_5
33097                            9.73e-01  21
33098                            9.47e-01  21
33099                            7.62e-01  21
33100                            9.67e-01  21
33101                            7.02e-01  21
33102                            8.66e-01  21
33103                            7.15e-01  21
33104                            3.95e-01  21
33105                            8.68e-01  21
33106                            4.80e-02  21
33107                            1.92e-01  21
33108                            3.86e-01  21
33109                            2.40e-01  21
33110                            9.71e-01  21
33111                            4.93e-01  21
33112                            4.83e-02  21
33113                            3.35e-04  3_[+1(2.97e-05)]_3
33114                            5.48e-01  21
33115                            9.82e-01  21
33116                            6.42e-01  21
33117                            6.50e-05  [+1(6.78e-06)]_6
33118                            9.95e-01  21
33119                            5.60e-01  21
33120                            9.21e-01  21
33121                            7.51e-01  21
33122                            9.21e-01  21
33123                            5.96e-01  21
33124                            7.64e-01  21
33125                            2.45e-01  21
33126                            8.98e-01  21
33127                            5.18e-01  21
33128                            9.03e-01  21
33129                            9.35e-01  21
33130                            6.23e-01  21
33131                            7.81e-01  21
33132                            2.31e-01  21
33133                            6.57e-01  21
33134                            7.70e-01  21
33135                            5.05e-01  21
33136                            1.84e-01  21
33137                            9.44e-01  21
33138                            3.94e-01  21
33139                            9.26e-01  21
33140                            1.97e-01  21
33141                            9.39e-01  21
33142                            5.83e-01  21
33143                            6.41e-01  21
33144                            8.52e-01  21
33145                            1.65e-01  21
33146                            3.56e-02  [+1(7.30e-05)]_6
33147                            9.66e-01  21
33148                            4.16e-01  21
33149                            2.29e-01  21
33150                            5.15e-01  21
33151                            7.25e-01  21
33152                            4.34e-01  21
33153                            5.48e-01  21
33154                            1.58e-01  21
33155                            9.71e-01  21
33156                            2.12e-01  21
33157                            1.56e-01  2_[+2(4.85e-05)]_4
33158                            9.44e-01  21
33159                            5.67e-01  21
33160                            1.33e-01  1_[+2(2.95e-05)]_5
33161                            1.31e-02  6_[+2(9.53e-07)]
33162                            2.12e-01  [+2(7.76e-05)]_6
33163                            9.19e-01  21
33164                            3.21e-02  5_[+2(4.20e-06)]_1
33165                            1.36e-01  21
33166                            7.95e-03  21
33167                            1.94e-01  21
33168                            3.98e-02  2_[+2(1.59e-05)]_4
33169                            8.18e-01  21
33170                            9.57e-01  21
33171                            8.63e-01  21
33172                            9.12e-01  21
33173                            3.65e-01  21
33174                            9.40e-01  21
33175                            8.19e-01  21
33176                            7.74e-01  21
33177                            9.39e-01  21
33178                            7.96e-01  21
33179                            3.05e-07  5_[+4(2.06e-08)]_2
33180                            9.33e-01  21
33181                            8.89e-01  21
33182                            8.48e-01  21
33183                            8.83e-01  21
33184                            5.26e-01  21
33185                            8.40e-01  21
33186                            8.89e-01  21
33187                            8.92e-01  21
33188                            3.87e-01  21
33189                            1.81e-02  21
33190                            1.57e-01  21
33191                            3.10e-02  21
33192                            1.57e-03  6_[+2(8.51e-06)]
33193                            6.23e-01  21
33194                            5.80e-01  21
33195                            2.65e-01  21
33196                            7.42e-01  21
33197                            5.70e-06  [+1(6.57e-08)]_6
33198                            2.66e-01  21
33199                            9.64e-01  21
33200                            2.37e-01  21
33201                            6.76e-01  21
33202                            4.46e-01  21
33203                            5.28e-01  21
33204                            9.60e-01  21
33205                            2.35e-01  21
33206                            9.98e-01  21
33207                            3.72e-02  21
33208                            4.30e-01  21
33209                            7.54e-01  21
33210                            8.67e-01  21
33211                            9.90e-01  21
33212                            8.68e-01  21
33213                            9.60e-01  21
33214                            9.70e-01  21
33215                            6.44e-01  21
33216                            9.83e-01  21
33217                            4.99e-02  21
33218                            6.77e-01  21
33219                            9.82e-01  21
33220                            7.18e-01  21
33221                            6.82e-01  21
33222                            4.21e-01  21
33223                            3.41e-01  21
33224                            9.60e-01  21
33225                            2.15e-01  21
33226                            3.90e-01  21
33227                            2.65e-01  21
33228                            2.12e-01  21
33229                            1.98e-01  21
33230                            7.36e-01  21
33231                            1.15e-07  6_[+4(3.45e-09)]_1
33232                            8.56e-01  21
33233                            4.39e-01  21
33234                            7.67e-01  21
33235                            1.69e-01  21
33236                            4.75e-01  21
33237                            3.06e-01  21
33238                            5.61e-01  21
33239                            6.46e-01  21
33240                            8.20e-03  21
33241                            2.11e-03  21
33242                            5.68e-01  21
33243                            7.21e-03  21
33244                            6.14e-02  21
33245                            4.62e-01  21
33246                            8.57e-01  21
33247                            6.68e-01  21
33248                            7.25e-01  21
33249                            1.56e-01  21
33250                            9.86e-01  21
33251                            7.02e-01  21
33252                            2.07e-04  6_[+1(6.78e-06)]
33253                            7.77e-02  21
33254                            1.45e-01  2_[+2(6.70e-05)]_4
33255                            5.60e-01  21
33256                            9.34e-01  21
33257                            3.84e-01  21
33258                            9.94e-01  21
33259                            5.18e-05  2_[+1(8.63e-06)]_4
33260                            4.39e-01  21
33261                            3.26e-01  21
33262                            2.42e-01  21
33263                            4.86e-02  4_[+1(3.65e-05)]_2
33264                            4.30e-01  21
33265                            3.37e-01  21
33266                            9.92e-01  21
33267                            8.88e-01  21
33268                            2.67e-04  7_[+3(5.53e-05)]_6
33269                            1.77e-01  21
33270                            5.84e-01  21
33271                            2.31e-01  21
33272                            6.49e-01  21
33273                            9.79e-01  21
33274                            2.36e-04  1_[+6(7.47e-08)]_9
33275                            6.73e-01  21
33276                            8.04e-01  21
33277                            9.98e-01  21
33278                            8.17e-01  21
33279                            5.34e-02  21
33280                            9.13e-01  21
33281                            8.47e-01  21
33282                            8.28e-01  21
33283                            3.01e-01  21
33284                            8.21e-02  21
33285                            7.63e-01  21
33286                            9.98e-01  21
33287                            1.86e-04  2_[+3(4.22e-06)]_11
33288                            7.40e-02  21
33289                            5.15e-01  21
33290                            8.01e-01  21
33291                            8.65e-01  21
33292                            9.28e-02  21
33293                            5.86e-01  21
33294                            8.38e-01  21
33295                            4.98e-01  21
33296                            9.54e-01  21
33297                            4.76e-01  21
33298                            5.15e-01  21
33299                            3.05e-01  21
33300                            3.82e-01  21
33301                            7.11e-01  21
33302                            7.19e-01  21
33303                            1.52e-02  21
33304                            6.25e-05  6_[+1(1.84e-06)]
33305                            2.50e-04  21
33306                            2.76e-09  1_[+1(4.54e-08)]_5
33307                            6.73e-01  21
33308                            1.54e-01  21
33309                            7.02e-02  21
33310                            8.85e-01  21
33311                            4.12e-01  21
33312                            9.61e-01  21
33313                            9.51e-01  21
33314                            3.47e-03  [+3(1.71e-06)]_13
33315                            8.62e-01  21
33316                            2.09e-01  21
33317                            8.35e-01  21
33318                            7.36e-01  21
33319                            5.89e-01  21
33320                            6.91e-03  21
33321                            9.72e-01  21
33322                            8.60e-01  21
33323                            7.40e-01  21
33324                            2.23e-01  21
33325                            2.31e-01  21
33326                            9.54e-01  21
33327                            9.82e-01  21
33328                            7.89e-01  21
33329                            8.13e-01  21
33330                            9.06e-01  21
33331                            1.22e-02  21
33332                            9.10e-01  21
33333                            1.36e-01  21
33334                            9.41e-01  21
33335                            9.70e-01  21
33336                            1.66e-02  21
33337                            6.62e-04  5_[+1(3.16e-06)]_1
33338                            1.15e-07  2_[+4(3.45e-09)]_5
33339                            8.51e-01  21
33340                            7.37e-01  21
33341                            1.58e-08  [+1(4.54e-08)]_6
33342                            9.80e-01  21
33343                            1.90e-01  21
33344                            4.29e-01  21
33345                            6.05e-01  21
33346                            5.93e-01  21
33347                            1.05e-01  21
33348                            8.41e-01  21
33349                            7.58e-01  21
33350                            4.58e-01  21
33351                            4.69e-04  2_[+6(7.52e-07)]_8
33352                            2.13e-05  1_[+5(3.91e-08)]_6
33353                            4.76e-01  21
33354                            3.56e-01  21
33355                            2.25e-03  1_[+1(5.46e-05)]_5
33356                            5.69e-01  21
33357                            4.20e-01  21
33358                            9.59e-04  5_[+1(2.67e-05)]_1
33359                            8.33e-01  21
33360                            8.50e-01  21
33361                            1.78e-01  21
33362                            4.61e-01  21
33363                            4.81e-01  21
33364                            8.58e-01  21
33365                            5.92e-01  21
33366                            9.74e-01  21
33367                            6.33e-04  21
33368                            6.28e-01  21
33369                            7.45e-03  21
33370                            8.87e-02  1_[+2(3.22e-05)]_5
33371                            9.83e-01  21
33372                            8.56e-01  21
33373                            1.55e-01  21
33374                            7.98e-01  21
33375                            5.05e-01  21
33376                            9.96e-01  21
33377                            9.39e-01  21
33378                            8.64e-02  21
33379                            9.57e-01  21
33380                            5.69e-01  21
33381                            8.39e-02  21
33382                            4.61e-01  21
33383                            9.61e-01  21
33384                            8.51e-06  6_[+6(1.29e-06)]_4
33385                            7.11e-05  4_[+1(5.46e-05)]_2
33386                            2.34e-01  21
33387                            4.14e-01  21
33388                            9.65e-01  21
33389                            9.58e-01  21
33390                            6.14e-02  2_[+2(6.15e-05)]_4
33391                            9.53e-01  21
33392                            3.36e-02  [+2(8.51e-06)]_6
33393                            1.87e-01  21
33394                            2.55e-05  3_[+1(8.02e-05)]_3
33395                            8.81e-01  21
33396                            9.93e-01  21
33397                            3.27e-01  21
33398                            3.39e-06  7_[+6(8.82e-07)]_3
33399                            3.44e-06  [+3(8.23e-07)]_13
33400                            9.31e-01  21
33401                            4.08e-01  21
33402                            1.55e-01  21
33403                            4.32e-02  21
33404                            6.66e-01  21
33405                            1.80e-02  21
33406                            4.50e-01  21
33407                            4.88e-01  21
33408                            4.09e-01  21
33409                            6.62e-01  21
33410                            4.39e-06  7_[+5(4.27e-09)]
33411                            6.56e-01  21
33412                            1.21e-03  4_[+1(2.97e-05)]_2
33413                            4.54e-01  21
33414                            6.62e-01  21
33415                            1.12e-01  21
33416                            1.36e-01  21
33417                            9.51e-01  21
33418                            9.43e-02  4_[+2(4.16e-05)]_2
33419                            1.90e-01  3_[+2(6.70e-05)]_3
33420                            7.91e-01  21
33421                            3.64e-03  21
33422                            7.49e-01  21
33423                            8.17e-01  21
33424                            6.97e-01  21
33425                            8.29e-01  21
33426                            7.38e-02  [+5(6.76e-05)]_7
33427                            5.23e-01  21
33428                            2.20e-01  21
33429                            5.82e-01  21
33430                            8.85e-01  21
33431                            8.66e-01  21
33432                            1.28e-01  21
33433                            6.41e-01  21
33434                            3.55e-01  21
33435                            3.17e-01  21
33436                            1.51e-03  1_[+1(1.09e-05)]_5
33437                            4.38e-01  21
33438                            4.56e-01  21
33439                            4.71e-02  21
33440                            2.02e-01  21
33441                            4.03e-01  21
33442                            6.74e-02  21
33443                            7.74e-01  21
33444                            1.58e-01  21
33445                            7.29e-01  21
33446                            1.04e-01  21
33447                            2.02e-01  21
33448                            9.51e-01  21
33449                            6.35e-03  7_[+3(1.16e-05)]_6
33450                            6.75e-07  3_[+5(1.41e-08)]_4
33451                            6.94e-01  21
33452                            5.68e-05  10_[+6(9.60e-07)]
33453                            5.82e-01  21
33454                            4.08e-01  21
33455                            4.92e-01  21
33456                            1.41e-01  21
33457                            4.22e-01  21
33458                            7.56e-01  21
33459                            9.80e-01  21
33460                            5.42e-01  21
33461                            3.63e-01  21
33462                            9.55e-01  21
33463                            6.79e-02  5_[+2(2.06e-05)]_1
33464                            1.10e-05  5_[+1(1.23e-05)]_1
33465                            8.93e-01  21
33466                            8.51e-01  21
33467                            9.93e-01  21
33468                            3.05e-01  21
33469                            6.52e-01  21
33470                            9.99e-01  21
33471                            4.89e-03  9_[+3(1.45e-06)]_4
33472                            5.48e-01  21
33473                            2.55e-01  21
33474                            8.23e-01  21
33475                            8.02e-01  21
33476                            9.87e-01  21
33477                            4.87e-01  21
33478                            6.21e-01  21
33479                            8.83e-01  21
33480                            2.86e-01  21
33481                            9.36e-02  21
33482                            4.78e-01  21
33483                            8.94e-01  21
33484                            2.72e-01  21
33485                            1.54e-01  21
33486                            9.08e-01  21
33487                            6.53e-03  3_[+3(2.04e-05)]_10
33488                            7.81e-01  21
33489                            2.75e-01  21
33490                            1.53e-01  3_[+2(4.16e-05)]_3
33491                            8.28e-02  21
33492                            9.91e-01  21
33493                            6.58e-01  21
33494                            9.47e-01  21
33495                            4.11e-05  3_[+1(1.84e-06)]_3
33496                            5.59e-01  21
33497                            3.27e-07  6_[+4(5.49e-08)]_1
33498                            8.06e-01  21
33499                            9.20e-01  21
33500                            6.68e-02  21
33501                            5.73e-02  21
33502                            3.98e-01  21
33503                            8.39e-01  21
33504                            7.69e-01  21
33505                            9.71e-01  21
33506                            3.29e-01  21
33507                            3.49e-03  21
33508                            9.73e-01  21
33509                            7.92e-01  21
33510                            8.39e-01  21
33511                            7.59e-02  21
33512                            9.91e-01  21
33513                            4.21e-02  3_[+2(4.16e-05)]_3
33514                            9.92e-01  21
33515                            9.79e-01  21
33516                            1.13e-01  21
33517                            2.00e-01  21
33518                            9.61e-02  21
33519                            1.65e-01  21
33520                            9.97e-01  21
33521                            1.69e-02  21
33522                            7.32e-02  21
33523                            1.99e-01  21
33524                            8.70e-01  21
33525                            5.45e-01  21
33526                            6.82e-02  21
33527                            1.06e-01  21
33528                            7.43e-01  21
33529                            2.33e-04  2_[+1(1.73e-05)]_4
33530                            2.67e-01  21
33531                            4.26e-01  21
33532                            3.20e-01  21
33533                            8.65e-01  21
33534                            5.47e-06  12_[+3(2.84e-07)]_1
33535                            6.70e-01  21
33536                            1.99e-02  21
33537                            4.66e-01  21
33538                            7.15e-01  21
33539                            9.30e-03  1_[+2(3.52e-07)]_5
33540                            8.31e-01  21
33541                            1.04e-01  [+2(8.33e-05)]_6
33542                            6.90e-03  1_[+1(8.02e-05)]_5
33543                            2.98e-01  21
33544                            8.72e-01  21
33545                            4.08e-01  21
33546                            1.91e-01  21
33547                            8.57e-01  21
33548                            8.77e-04  5_[+1(7.30e-05)]_1
33549                            9.77e-01  21
33550                            2.23e-01  4_[+2(7.76e-05)]_2
33551                            1.10e-01  21
33552                            6.93e-01  21
33553                            9.79e-01  21
33554                            8.33e-01  21
33555                            8.42e-01  21
33556                            1.22e-01  [+2(9.08e-05)]_6
33557                            8.74e-01  21
33558                            8.89e-02  21
33559                            5.36e-01  21
33560                            3.08e-01  21
33561                            2.21e-01  21
33562                            6.59e-01  21
33563                            9.80e-01  21
33564                            6.88e-01  21
33565                            6.37e-01  21
33566                            7.36e-01  21
33567                            3.64e-01  21
33568                            9.43e-01  21
33569                            9.10e-01  21
33570                            7.20e-01  21
33571                            4.18e-01  21
33572                            9.75e-01  21
33573                            8.35e-01  21
--------------------------------------------------------------------------------

********************************************************************************


********************************************************************************
Stopped because requested number of motifs (6) found.
********************************************************************************

CPU: fedora

********************************************************************************
