********************************************************************************
MEME - Motif discovery tool
********************************************************************************
MEME version 5.5.5 (Release date: Thu Sep 14 08:48:04 2023 +1000)

For further information on how to interpret these results please access https://meme-suite.org/meme.
To get a copy of the MEME Suite software please access https://meme-suite.org.

********************************************************************************


********************************************************************************
REFERENCE
********************************************************************************
If you use this program in your research, please cite:

Timothy L. Bailey and Charles Elkan,
"Fitting a mixture model by expectation maximization to
discover motifs in biopolymers",
Proceedings of the Second International Conference on Intelligent Systems
for Molecular Biology, pp. 28-36, AAAI Press, Menlo Park, California, 1994.
********************************************************************************


********************************************************************************
TRAINING SET
********************************************************************************
PRIMARY SEQUENCES= meme_comparison/data/tmp_memedir_lb/5_FALSE_TRUE_FALSE_25_30_53/SP140.fasta
CONTROL SEQUENCES= --none--
ALPHABET= ACGT
Sequence name            Weight Length  Sequence name            Weight Length  
-------------            ------ ------  -------------            ------ ------  
40017                    1.0000     11  40018                    1.0000     11  
40019                    1.0000     11  40020                    1.0000     11  
40021                    1.0000     11  40022                    1.0000     11  
40023                    1.0000     11  40024                    1.0000     11  
40025                    1.0000     11  40026                    1.0000     11  
40027                    1.0000     11  40028                    1.0000     11  
40029                    1.0000     11  40030                    1.0000     11  
40031                    1.0000     11  40032                    1.0000     11  
40033                    1.0000     11  40034                    1.0000     11  
40035                    1.0000     11  40036                    1.0000     11  
40037                    1.0000     11  40038                    1.0000     11  
40039                    1.0000     11  40040                    1.0000     11  
40041                    1.0000     11  40042                    1.0000     11  
40043                    1.0000     11  40044                    1.0000     11  
40045                    1.0000     11  40046                    1.0000     11  
40047                    1.0000     11  40048                    1.0000     11  
40049                    1.0000     11  40050                    1.0000     11  
40051                    1.0000     11  40052                    1.0000     11  
40053                    1.0000     11  40054                    1.0000     11  
40055                    1.0000     11  40056                    1.0000     11  
40057                    1.0000     11  40058                    1.0000     11  
40059                    1.0000     11  40060                    1.0000     11  
40061                    1.0000     11  40062                    1.0000     11  
40063                    1.0000     11  40064                    1.0000     11  
40065                    1.0000     11  40066                    1.0000     11  
40067                    1.0000     11  40068                    1.0000     11  
40069                    1.0000     11  40070                    1.0000     11  
40071                    1.0000     11  40072                    1.0000     11  
40073                    1.0000     11  40074                    1.0000     11  
40075                    1.0000     11  40076                    1.0000     11  
40077                    1.0000     11  40078                    1.0000     11  
40079                    1.0000     11  40080                    1.0000     11  
40081                    1.0000     11  40082                    1.0000     11  
40083                    1.0000     11  40084                    1.0000     11  
40085                    1.0000     11  40086                    1.0000     11  
40087                    1.0000     11  40088                    1.0000     11  
40089                    1.0000     11  40090                    1.0000     11  
40091                    1.0000     11  40092                    1.0000     11  
40093                    1.0000     11  40094                    1.0000     11  
40095                    1.0000     11  40096                    1.0000     11  
40097                    1.0000     11  40098                    1.0000     11  
40099                    1.0000     11  40100                    1.0000     11  
40101                    1.0000     11  40102                    1.0000     11  
40103                    1.0000     11  40104                    1.0000     11  
40105                    1.0000     11  40106                    1.0000     11  
40107                    1.0000     11  40108                    1.0000     11  
40109                    1.0000     11  40110                    1.0000     11  
40111                    1.0000     11  40112                    1.0000     11  
40113                    1.0000     11  40114                    1.0000     11  
40115                    1.0000     11  40116                    1.0000     11  
40117                    1.0000     11  40118                    1.0000     11  
40119                    1.0000     11  40120                    1.0000     11  
40121                    1.0000     11  40122                    1.0000     11  
40123                    1.0000     11  40124                    1.0000     11  
40125                    1.0000     11  40126                    1.0000     11  
40127                    1.0000     11  40128                    1.0000     11  
40129                    1.0000     11  40130                    1.0000     11  
40131                    1.0000     11  40132                    1.0000     11  
40133                    1.0000     11  40134                    1.0000     11  
40135                    1.0000     11  40136                    1.0000     11  
40137                    1.0000     11  40138                    1.0000     11  
40139                    1.0000     11  40140                    1.0000     11  
40141                    1.0000     11  40142                    1.0000     11  
40143                    1.0000     11  40144                    1.0000     11  
40145                    1.0000     11  40146                    1.0000     11  
40147                    1.0000     11  40148                    1.0000     11  
40149                    1.0000     11  40150                    1.0000     11  
40151                    1.0000     11  40152                    1.0000     11  
40153                    1.0000     11  40154                    1.0000     11  
40155                    1.0000     11  40156                    1.0000     11  
40157                    1.0000     11  40158                    1.0000     11  
40159                    1.0000     11  40160                    1.0000     11  
40161                    1.0000     11  40162                    1.0000     11  
40163                    1.0000     11  40164                    1.0000     11  
40165                    1.0000     11  40166                    1.0000     11  
40167                    1.0000     11  40168                    1.0000     11  
40169                    1.0000     11  40170                    1.0000     11  
40171                    1.0000     11  40172                    1.0000     11  
40173                    1.0000     11  40174                    1.0000     11  
40175                    1.0000     11  40176                    1.0000     11  
40177                    1.0000     11  40178                    1.0000     11  
40179                    1.0000     11  40180                    1.0000     11  
40181                    1.0000     11  40182                    1.0000     11  
40183                    1.0000     11  40184                    1.0000     11  
40185                    1.0000     11  40186                    1.0000     11  
40187                    1.0000     11  40188                    1.0000     11  
40189                    1.0000     11  40190                    1.0000     11  
40191                    1.0000     11  40192                    1.0000     11  
40193                    1.0000     11  40194                    1.0000     11  
40195                    1.0000     11  40196                    1.0000     11  
40197                    1.0000     11  40198                    1.0000     11  
40199                    1.0000     11  40200                    1.0000     11  
40201                    1.0000     11  40202                    1.0000     11  
40203                    1.0000     11  40204                    1.0000     11  
40205                    1.0000     11  40206                    1.0000     11  
40207                    1.0000     11  40208                    1.0000     11  
40209                    1.0000     11  40210                    1.0000     11  
40211                    1.0000     11  40212                    1.0000     11  
40213                    1.0000     11  40214                    1.0000     11  
40215                    1.0000     11  40216                    1.0000     11  
40217                    1.0000     11  40218                    1.0000     11  
40219                    1.0000     11  40220                    1.0000     11  
40221                    1.0000     11  40222                    1.0000     11  
40223                    1.0000     11  40224                    1.0000     11  
40225                    1.0000     11  40226                    1.0000     11  
40227                    1.0000     11  40228                    1.0000     11  
40229                    1.0000     11  40230                    1.0000     11  
40231                    1.0000     11  40232                    1.0000     11  
40233                    1.0000     11  40234                    1.0000     11  
40235                    1.0000     11  40236                    1.0000     11  
40237                    1.0000     11  40238                    1.0000     11  
40239                    1.0000     11  40240                    1.0000     11  
40241                    1.0000     11  40242                    1.0000     11  
40243                    1.0000     11  40244                    1.0000     11  
40245                    1.0000     11  40246                    1.0000     11  
40247                    1.0000     11  40248                    1.0000     11  
40249                    1.0000     11  40250                    1.0000     11  
40251                    1.0000     11  40252                    1.0000     11  
40253                    1.0000     11  40254                    1.0000     11  
40255                    1.0000     11  40256                    1.0000     11  
40257                    1.0000     11  40258                    1.0000     11  
40259                    1.0000     11  40260                    1.0000     11  
40261                    1.0000     11  40262                    1.0000     11  
40263                    1.0000     11  40264                    1.0000     11  
40265                    1.0000     11  40266                    1.0000     11  
40267                    1.0000     11  40268                    1.0000     11  
40269                    1.0000     11  40270                    1.0000     11  
40271                    1.0000     11  40272                    1.0000     11  
40273                    1.0000     11  40274                    1.0000     11  
40275                    1.0000     11  40276                    1.0000     11  
40277                    1.0000     11  40278                    1.0000     11  
40279                    1.0000     11  40280                    1.0000     11  
40281                    1.0000     11  40282                    1.0000     11  
40283                    1.0000     11  40284                    1.0000     11  
40285                    1.0000     11  40286                    1.0000     11  
40287                    1.0000     11  40288                    1.0000     11  
40289                    1.0000     11  40290                    1.0000     11  
40291                    1.0000     11  40292                    1.0000     11  
40293                    1.0000     11  40294                    1.0000     11  
40295                    1.0000     11  40296                    1.0000     11  
40297                    1.0000     11  40298                    1.0000     11  
40299                    1.0000     11  40300                    1.0000     11  
40301                    1.0000     11  40302                    1.0000     11  
40303                    1.0000     11  40304                    1.0000     11  
40305                    1.0000     11  40306                    1.0000     11  
40307                    1.0000     11  40308                    1.0000     11  
40309                    1.0000     11  40310                    1.0000     11  
40311                    1.0000     11  40312                    1.0000     11  
40313                    1.0000     11  40314                    1.0000     11  
40315                    1.0000     11  40316                    1.0000     11  
40317                    1.0000     11  40318                    1.0000     11  
40319                    1.0000     11  40320                    1.0000     11  
40321                    1.0000     11  40322                    1.0000     11  
40323                    1.0000     11  40324                    1.0000     11  
40325                    1.0000     11  40326                    1.0000     11  
40327                    1.0000     11  40328                    1.0000     11  
40329                    1.0000     11  40330                    1.0000     11  
40331                    1.0000     11  40332                    1.0000     11  
40333                    1.0000     11  40334                    1.0000     11  
40335                    1.0000     11  40336                    1.0000     11  
40337                    1.0000     11  40338                    1.0000     11  
40339                    1.0000     11  40340                    1.0000     11  
40341                    1.0000     11  40342                    1.0000     11  
40343                    1.0000     11  40344                    1.0000     11  
40345                    1.0000     11  40346                    1.0000     11  
40347                    1.0000     11  40348                    1.0000     11  
40349                    1.0000     11  40350                    1.0000     11  
40351                    1.0000     11  40352                    1.0000     11  
40353                    1.0000     11  40354                    1.0000     11  
40355                    1.0000     11  40356                    1.0000     11  
40357                    1.0000     11  40358                    1.0000     11  
40359                    1.0000     11  40360                    1.0000     11  
40361                    1.0000     11  40362                    1.0000     11  
40363                    1.0000     11  40364                    1.0000     11  
40365                    1.0000     11  40366                    1.0000     11  
40367                    1.0000     11  40368                    1.0000     11  
40369                    1.0000     11  40370                    1.0000     11  
40371                    1.0000     11  40372                    1.0000     11  
40373                    1.0000     11  40374                    1.0000     11  
40375                    1.0000     11  40376                    1.0000     11  
40377                    1.0000     11  40378                    1.0000     11  
40379                    1.0000     11  40380                    1.0000     11  
40381                    1.0000     11  40382                    1.0000     11  
40383                    1.0000     11  40384                    1.0000     11  
40385                    1.0000     11  40386                    1.0000     11  
40387                    1.0000     11  40388                    1.0000     11  
40389                    1.0000     11  40390                    1.0000     11  
40391                    1.0000     11  40392                    1.0000     11  
40393                    1.0000     11  40394                    1.0000     11  
40395                    1.0000     11  40396                    1.0000     11  
40397                    1.0000     11  40398                    1.0000     11  
40399                    1.0000     11  40400                    1.0000     11  
40401                    1.0000     11  40402                    1.0000     11  
40403                    1.0000     11  40404                    1.0000     11  
40405                    1.0000     11  40406                    1.0000     11  
40407                    1.0000     11  40408                    1.0000     11  
40409                    1.0000     11  40410                    1.0000     11  
40411                    1.0000     11  40412                    1.0000     11  
40413                    1.0000     11  40414                    1.0000     11  
40415                    1.0000     11  40416                    1.0000     11  
40417                    1.0000     11  40418                    1.0000     11  
40419                    1.0000     11  40420                    1.0000     11  
40421                    1.0000     11  40422                    1.0000     11  
40423                    1.0000     11  40424                    1.0000     11  
40425                    1.0000     11  40426                    1.0000     11  
40427                    1.0000     11  40428                    1.0000     11  
40429                    1.0000     11  40430                    1.0000     11  
40431                    1.0000     11  40432                    1.0000     11  
40433                    1.0000     11  40434                    1.0000     11  
40435                    1.0000     11  40436                    1.0000     11  
40437                    1.0000     11  40438                    1.0000     11  
40439                    1.0000     11  40440                    1.0000     11  
40441                    1.0000     11  40442                    1.0000     11  
40443                    1.0000     11  40444                    1.0000     11  
40445                    1.0000     11  40446                    1.0000     11  
40447                    1.0000     11  40448                    1.0000     11  
40449                    1.0000     11  40450                    1.0000     11  
40451                    1.0000     11  40452                    1.0000     11  
40453                    1.0000     11  40454                    1.0000     11  
40455                    1.0000     11  40456                    1.0000     11  
40457                    1.0000     11  40458                    1.0000     11  
40459                    1.0000     11  40460                    1.0000     11  
40461                    1.0000     11  40462                    1.0000     11  
40463                    1.0000     11  40464                    1.0000     11  
40465                    1.0000     11  40466                    1.0000     11  
40467                    1.0000     11  40468                    1.0000     11  
40469                    1.0000     11  40470                    1.0000     11  
40471                    1.0000     11  40472                    1.0000     11  
40473                    1.0000     11  40474                    1.0000     11  
40475                    1.0000     11  40476                    1.0000     11  
40477                    1.0000     11  40478                    1.0000     11  
40479                    1.0000     11  40480                    1.0000     11  
40481                    1.0000     11  40482                    1.0000     11  
40483                    1.0000     11  40484                    1.0000     11  
40485                    1.0000     11  40486                    1.0000     11  
40487                    1.0000     11  40488                    1.0000     11  
40489                    1.0000     11  40490                    1.0000     11  
40491                    1.0000     11  40492                    1.0000     11  
40493                    1.0000     11  40494                    1.0000     11  
40495                    1.0000     11  40496                    1.0000     11  
40497                    1.0000     11  40498                    1.0000     11  
40499                    1.0000     11  40500                    1.0000     11  
40501                    1.0000     11  40502                    1.0000     11  
40503                    1.0000     11  40504                    1.0000     11  
40505                    1.0000     11  40506                    1.0000     11  
40507                    1.0000     11  40508                    1.0000     11  
40509                    1.0000     11  40510                    1.0000     11  
40511                    1.0000     11  40512                    1.0000     11  
40513                    1.0000     11  40514                    1.0000     11  
40515                    1.0000     11  40516                    1.0000     11  
40517                    1.0000     11  40518                    1.0000     11  
40519                    1.0000     11  40520                    1.0000     11  
40521                    1.0000     11  40522                    1.0000     11  
40523                    1.0000     11  40524                    1.0000     11  
40525                    1.0000     11  40526                    1.0000     11  
40527                    1.0000     11  40528                    1.0000     11  
40529                    1.0000     11  40530                    1.0000     11  
40531                    1.0000     11  40532                    1.0000     11  
40533                    1.0000     11  40534                    1.0000     11  
40535                    1.0000     11  40536                    1.0000     11  
40537                    1.0000     11  40538                    1.0000     11  
40539                    1.0000     11  40540                    1.0000     11  
40541                    1.0000     11  40542                    1.0000     11  
40543                    1.0000     11  40544                    1.0000     11  
40545                    1.0000     11  40546                    1.0000     11  
40547                    1.0000     11  40548                    1.0000     11  
40549                    1.0000     11  40550                    1.0000     11  
40551                    1.0000     11  40552                    1.0000     11  
40553                    1.0000     11  40554                    1.0000     11  
40555                    1.0000     11  40556                    1.0000     11  
40557                    1.0000     11  40558                    1.0000     11  
40559                    1.0000     11  40560                    1.0000     11  
40561                    1.0000     11  40562                    1.0000     11  
40563                    1.0000     11  40564                    1.0000     11  
40565                    1.0000     11  40566                    1.0000     11  
40567                    1.0000     11  40568                    1.0000     11  
40569                    1.0000     11  40570                    1.0000     11  
40571                    1.0000     11  40572                    1.0000     11  
40573                    1.0000     11  40574                    1.0000     11  
40575                    1.0000     11  40576                    1.0000     11  
40577                    1.0000     11  40578                    1.0000     11  
40579                    1.0000     11  40580                    1.0000     11  
40581                    1.0000     11  40582                    1.0000     11  
40583                    1.0000     11  
********************************************************************************

********************************************************************************
COMMAND LINE SUMMARY
********************************************************************************
This information can also be useful in the event you wish to report a
problem with the MEME software.

command: meme meme_comparison/data/tmp_memedir_lb/5_FALSE_TRUE_FALSE_25_30_53/SP140.fasta -oc meme_comparison/data/tmp_memedir_lb/5_FALSE_TRUE_FALSE_25_30_53/SP140 -nmotifs 6 -dna -maxw 30 -p 7 -seed 53 

model:  mod=         zoops    nmotifs=         6    evt=           inf
objective function:           em=       E-value of product of p-values
                              starts=   E-value of product of p-values
strands: +
width:  minw=            8    maxw=           11
nsites: minsites=        2    maxsites=      567    wnsites=       0.8
theta:  spmap=         uni    spfuzz=        0.5
em:     prior=   dirichlet    b=            0.01    maxiter=        50
        distance=    1e-05
trim:   wg=             11    ws=              1    endgaps=       yes
data:   n=            6237    N=             567
sample: seed=           53    hsfrac=          0
        searchsize=   6237    norand=         no    csites=       1000
Letter frequencies in dataset:
A 0.275 C 0.217 G 0.221 T 0.287 
Background letter frequencies (from file dataset with add-one prior applied):
A 0.275 C 0.217 G 0.221 T 0.287 
Background model order: 0
********************************************************************************


********************************************************************************
MOTIF GAATGGAA MEME-1	width =   8  sites =  16  llr = 150  E-value = 6.3e-012
********************************************************************************
--------------------------------------------------------------------------------
	Motif GAATGGAA MEME-1 Description
--------------------------------------------------------------------------------
Simplified        A  299:::aa
pos.-specific     C  ::::1:::
probability       G  811:8a::
matrix            T  :::a1:::

         bits    2.2      *  
                 2.0      *  
                 1.8    * ***
                 1.5  *** ***
Relative         1.3 ********
Entropy          1.1 ********
(13.5 bits)      0.9 ********
                 0.7 ********
                 0.4 ********
                 0.2 ********
                 0.0 --------

Multilevel           GAATGGAA
consensus                    
sequence                     
                             
--------------------------------------------------------------------------------

--------------------------------------------------------------------------------
	Motif GAATGGAA MEME-1 sites sorted by position p-value
--------------------------------------------------------------------------------
Sequence name             Start   P-value              Site
-------------             ----- ---------            --------
40567                         2  1.77e-05          C GAATGGAA TC        
40557                         2  1.77e-05          C GAATGGAA TC        
40199                         2  1.77e-05          G GAATGGAA TG        
40196                         4  1.77e-05        CTG GAATGGAA           
40193                         3  1.77e-05         TG GAATGGAA T         
40182                         1  1.77e-05          . GAATGGAA TGG       
40181                         2  1.77e-05          C GAATGGAA TG        
40178                         3  1.77e-05         TG GAATGGAA T         
40032                         3  1.77e-05         TG GAATGGAA T         
40558                         3  3.98e-05         TA AAATGGAA T         
40197                         2  3.98e-05          C AAATGGAA TG        
40072                         2  3.98e-05          T AAATGGAA AA        
40559                         3  5.72e-05         TG GAATCGAA T         
40176                         2  8.56e-05          T GGATGGAA AC        
40192                         3  1.09e-04         AG GAATTGAA T         
40179                         4  1.94e-04        ATG GAGTCGAA           
--------------------------------------------------------------------------------

--------------------------------------------------------------------------------
	Motif GAATGGAA MEME-1 block diagrams
--------------------------------------------------------------------------------
SEQUENCE NAME            POSITION P-VALUE  MOTIF DIAGRAM
-------------            ----------------  -------------
40567                             1.8e-05  1_[+1]_2
40557                             1.8e-05  1_[+1]_2
40199                             1.8e-05  1_[+1]_2
40196                             1.8e-05  3_[+1]
40193                             1.8e-05  2_[+1]_1
40182                             1.8e-05  [+1]_3
40181                             1.8e-05  1_[+1]_2
40178                             1.8e-05  2_[+1]_1
40032                             1.8e-05  2_[+1]_1
40558                               4e-05  2_[+1]_1
40197                               4e-05  1_[+1]_2
40072                               4e-05  1_[+1]_2
40559                             5.7e-05  2_[+1]_1
40176                             8.6e-05  1_[+1]_2
40192                             0.00011  2_[+1]_1
40179                             0.00019  3_[+1]
--------------------------------------------------------------------------------

--------------------------------------------------------------------------------
	Motif GAATGGAA MEME-1 in BLOCKS format
--------------------------------------------------------------------------------
BL   MOTIF GAATGGAA width=8 seqs=16
40567                    (    2) GAATGGAA  1 
40557                    (    2) GAATGGAA  1 
40199                    (    2) GAATGGAA  1 
40196                    (    4) GAATGGAA  1 
40193                    (    3) GAATGGAA  1 
40182                    (    1) GAATGGAA  1 
40181                    (    2) GAATGGAA  1 
40178                    (    3) GAATGGAA  1 
40032                    (    3) GAATGGAA  1 
40558                    (    3) AAATGGAA  1 
40197                    (    2) AAATGGAA  1 
40072                    (    2) AAATGGAA  1 
40559                    (    3) GAATCGAA  1 
40176                    (    2) GGATGGAA  1 
40192                    (    3) GAATTGAA  1 
40179                    (    4) GAGTCGAA  1 
//

--------------------------------------------------------------------------------

--------------------------------------------------------------------------------
	Motif GAATGGAA MEME-1 position-specific scoring matrix
--------------------------------------------------------------------------------
log-odds matrix: alength= 4 w= 8 n= 2268 bayes= 7.87805 E= 6.3e-012 
   -55  -1064    188  -1064 
   177  -1064   -182  -1064 
   177  -1064   -182  -1064 
 -1064  -1064  -1064    180 
 -1064    -79    188   -220 
 -1064  -1064    218  -1064 
   186  -1064  -1064  -1064 
   186  -1064  -1064  -1064 
--------------------------------------------------------------------------------

--------------------------------------------------------------------------------
	Motif GAATGGAA MEME-1 position-specific probability matrix
--------------------------------------------------------------------------------
letter-probability matrix: alength= 4 w= 8 nsites= 16 E= 6.3e-012 
 0.187500  0.000000  0.812500  0.000000 
 0.937500  0.000000  0.062500  0.000000 
 0.937500  0.000000  0.062500  0.000000 
 0.000000  0.000000  0.000000  1.000000 
 0.000000  0.125000  0.812500  0.062500 
 0.000000  0.000000  1.000000  0.000000 
 1.000000  0.000000  0.000000  0.000000 
 1.000000  0.000000  0.000000  0.000000 
--------------------------------------------------------------------------------

--------------------------------------------------------------------------------
	Motif GAATGGAA MEME-1 regular expression
--------------------------------------------------------------------------------
GAATGGAA
--------------------------------------------------------------------------------




Time  1.80 secs.

********************************************************************************


********************************************************************************
MOTIF CCTSYASKCCC MEME-2	width =  11  sites =  11  llr = 100  E-value = 2.5e-004
********************************************************************************
--------------------------------------------------------------------------------
	Motif CCTSYASKCCC MEME-2 Description
--------------------------------------------------------------------------------
Simplified        A  ::2::6112::
pos.-specific     C  89155:518aa
probability       G  :1:51334:::
matrix            T  2:7:4125:::

         bits    2.2          **
                 2.0          **
                 1.8  *       **
                 1.5 **      ***
Relative         1.3 **      ***
Entropy          1.1 ** *    ***
(13.1 bits)      0.9 ** *    ***
                 0.7 ******  ***
                 0.4 ******  ***
                 0.2 ***********
                 0.0 -----------

Multilevel           CCTGCACTCCC
consensus               CTGGG   
sequence                        
                                
--------------------------------------------------------------------------------

--------------------------------------------------------------------------------
	Motif CCTSYASKCCC MEME-2 sites sorted by position p-value
--------------------------------------------------------------------------------
Sequence name             Start   P-value               Site  
-------------             ----- ---------            -----------
40227                         1  2.73e-06          . CCTGTAGTCCC           
40085                         1  2.73e-06          . CCTGTAGTCCC           
40108                         1  3.79e-06          . CCACCACGCCC           
40336                         1  1.06e-05          . CCACCGCTCCC           
40527                         1  1.48e-05          . CCTGCTGGCCC           
40428                         1  1.72e-05          . CCTGTAATCCC           
40205                         1  4.48e-05          . TCTGGACTCCC           
40158                         1  4.48e-05          . CCTCTATACCC           
40287                         1  5.52e-05          . CCTCCGTGACC           
40091                         1  1.14e-04          . CGCGCGCGCCC           
40391                         1  1.46e-04          . TCTCCACCACC           
--------------------------------------------------------------------------------

--------------------------------------------------------------------------------
	Motif CCTSYASKCCC MEME-2 block diagrams
--------------------------------------------------------------------------------
SEQUENCE NAME            POSITION P-VALUE  MOTIF DIAGRAM
-------------            ----------------  -------------
40227                             2.7e-06  [+2]
40085                             2.7e-06  [+2]
40108                             3.8e-06  [+2]
40336                             1.1e-05  [+2]
40527                             1.5e-05  [+2]
40428                             1.7e-05  [+2]
40205                             4.5e-05  [+2]
40158                             4.5e-05  [+2]
40287                             5.5e-05  [+2]
40091                             0.00011  [+2]
40391                             0.00015  [+2]
--------------------------------------------------------------------------------

--------------------------------------------------------------------------------
	Motif CCTSYASKCCC MEME-2 in BLOCKS format
--------------------------------------------------------------------------------
BL   MOTIF CCTSYASKCCC width=11 seqs=11
40227                    (    1) CCTGTAGTCCC  1 
40085                    (    1) CCTGTAGTCCC  1 
40108                    (    1) CCACCACGCCC  1 
40336                    (    1) CCACCGCTCCC  1 
40527                    (    1) CCTGCTGGCCC  1 
40428                    (    1) CCTGTAATCCC  1 
40205                    (    1) TCTGGACTCCC  1 
40158                    (    1) CCTCTATACCC  1 
40287                    (    1) CCTCCGTGACC  1 
40091                    (    1) CGCGCGCGCCC  1 
40391                    (    1) TCTCCACCACC  1 
//

--------------------------------------------------------------------------------

--------------------------------------------------------------------------------
	Motif CCTSYASKCCC MEME-2 position-specific scoring matrix
--------------------------------------------------------------------------------
log-odds matrix: alength= 4 w= 11 n= 567 bayes= 7.2115 E= 2.5e-004 
 -1010    192  -1010    -66 
 -1010    207   -128  -1010 
   -60   -125  -1010    134 
 -1010    107    130  -1010 
 -1010    133   -128     34 
   121  -1010     30   -166 
  -160    107     30    -66 
  -160   -125     72     66 
   -60    192  -1010  -1010 
 -1010    221  -1010  -1010 
 -1010    221  -1010  -1010 
--------------------------------------------------------------------------------

--------------------------------------------------------------------------------
	Motif CCTSYASKCCC MEME-2 position-specific probability matrix
--------------------------------------------------------------------------------
letter-probability matrix: alength= 4 w= 11 nsites= 11 E= 2.5e-004 
 0.000000  0.818182  0.000000  0.181818 
 0.000000  0.909091  0.090909  0.000000 
 0.181818  0.090909  0.000000  0.727273 
 0.000000  0.454545  0.545455  0.000000 
 0.000000  0.545455  0.090909  0.363636 
 0.636364  0.000000  0.272727  0.090909 
 0.090909  0.454545  0.272727  0.181818 
 0.090909  0.090909  0.363636  0.454545 
 0.181818  0.818182  0.000000  0.000000 
 0.000000  1.000000  0.000000  0.000000 
 0.000000  1.000000  0.000000  0.000000 
--------------------------------------------------------------------------------

--------------------------------------------------------------------------------
	Motif CCTSYASKCCC MEME-2 regular expression
--------------------------------------------------------------------------------
CCT[GC][CT][AG][CG][TG]CCC
--------------------------------------------------------------------------------




Time  1.89 secs.

********************************************************************************


********************************************************************************
MOTIF TTCCATTC MEME-3	width =   8  sites =  13  llr = 116  E-value = 3.6e-004
********************************************************************************
--------------------------------------------------------------------------------
	Motif TTCCATTC MEME-3 Description
--------------------------------------------------------------------------------
Simplified        A  ::::9:::
pos.-specific     C  ::89:2:8
probability       G  ::11::::
matrix            T  aa1:18a2

         bits    2.2         
                 2.0         
                 1.8 ** *  * 
                 1.5 ** ** **
Relative         1.3 ********
Entropy          1.1 ********
(12.8 bits)      0.9 ********
                 0.7 ********
                 0.4 ********
                 0.2 ********
                 0.0 --------

Multilevel           TTCCATTC
consensus                    
sequence                     
                             
--------------------------------------------------------------------------------

--------------------------------------------------------------------------------
	Motif TTCCATTC MEME-3 sites sorted by position p-value
--------------------------------------------------------------------------------
Sequence name             Start   P-value              Site
-------------             ----- ---------            --------
40562                         1  1.91e-05          . TTCCATTC GAT       
40521                         4  1.91e-05        CCA TTCCATTC           
40520                         3  1.91e-05         CA TTCCATTC C         
40250                         4  1.91e-05        CGA TTCCATTC           
40039                         3  1.91e-05         GA TTCCATTC G         
40033                         2  1.91e-05          A TTCCATTC CC        
40512                         2  3.35e-05          T TTCCACTC CA        
40283                         1  5.87e-05          . TTCCATTT GTA       
40187                         2  7.81e-05          A TTGCATTC AC        
40570                         3  1.17e-04         CA TTCGATTC C         
40260                         4  1.17e-04        TGT TTCCTTTC           
40147                         4  1.43e-04        AAT TTTCATTC           
40076                         2  1.62e-04          A TTCCACTT GT        
--------------------------------------------------------------------------------

--------------------------------------------------------------------------------
	Motif TTCCATTC MEME-3 block diagrams
--------------------------------------------------------------------------------
SEQUENCE NAME            POSITION P-VALUE  MOTIF DIAGRAM
-------------            ----------------  -------------
40562                             1.9e-05  [+3]_3
40521                             1.9e-05  3_[+3]
40520                             1.9e-05  2_[+3]_1
40250                             1.9e-05  3_[+3]
40039                             1.9e-05  2_[+3]_1
40033                             1.9e-05  1_[+3]_2
40512                             3.3e-05  1_[+3]_2
40283                             5.9e-05  [+3]_3
40187                             7.8e-05  1_[+3]_2
40570                             0.00012  2_[+3]_1
40260                             0.00012  3_[+3]
40147                             0.00014  3_[+3]
40076                             0.00016  1_[+3]_2
--------------------------------------------------------------------------------

--------------------------------------------------------------------------------
	Motif TTCCATTC MEME-3 in BLOCKS format
--------------------------------------------------------------------------------
BL   MOTIF TTCCATTC width=8 seqs=13
40562                    (    1) TTCCATTC  1 
40521                    (    4) TTCCATTC  1 
40520                    (    3) TTCCATTC  1 
40250                    (    4) TTCCATTC  1 
40039                    (    3) TTCCATTC  1 
40033                    (    2) TTCCATTC  1 
40512                    (    2) TTCCACTC  1 
40283                    (    1) TTCCATTT  1 
40187                    (    2) TTGCATTC  1 
40570                    (    3) TTCGATTC  1 
40260                    (    4) TTCCTTTC  1 
40147                    (    4) TTTCATTC  1 
40076                    (    2) TTCCACTT  1 
//

--------------------------------------------------------------------------------

--------------------------------------------------------------------------------
	Motif TTCCATTC MEME-3 position-specific scoring matrix
--------------------------------------------------------------------------------
log-odds matrix: alength= 4 w= 8 n= 2268 bayes= 7.97154 E= 3.6e-004 
 -1035  -1035  -1035    180 
 -1035  -1035  -1035    180 
 -1035    196   -152   -190 
 -1035    209   -152  -1035 
   174  -1035  -1035   -190 
 -1035    -49  -1035    156 
 -1035  -1035  -1035    180 
 -1035    196  -1035    -90 
--------------------------------------------------------------------------------

--------------------------------------------------------------------------------
	Motif TTCCATTC MEME-3 position-specific probability matrix
--------------------------------------------------------------------------------
letter-probability matrix: alength= 4 w= 8 nsites= 13 E= 3.6e-004 
 0.000000  0.000000  0.000000  1.000000 
 0.000000  0.000000  0.000000  1.000000 
 0.000000  0.846154  0.076923  0.076923 
 0.000000  0.923077  0.076923  0.000000 
 0.923077  0.000000  0.000000  0.076923 
 0.000000  0.153846  0.000000  0.846154 
 0.000000  0.000000  0.000000  1.000000 
 0.000000  0.846154  0.000000  0.153846 
--------------------------------------------------------------------------------

--------------------------------------------------------------------------------
	Motif TTCCATTC MEME-3 regular expression
--------------------------------------------------------------------------------
TTCCATTC
--------------------------------------------------------------------------------




Time  1.99 secs.

********************************************************************************


********************************************************************************
MOTIF GTGGYGGSRGG MEME-4	width =  11  sites =   7  llr = 76  E-value = 2.3e-002
********************************************************************************
--------------------------------------------------------------------------------
	Motif GTGGYGGSRGG MEME-4 Description
--------------------------------------------------------------------------------
Simplified        A  :1:1:::16::
pos.-specific     C  1:::4::6:::
probability       G  91a91aa33a7
matrix            T  :7::4:::1:3

         bits    2.2   *  **  * 
                 2.0   *  **  * 
                 1.8   *  **  * 
                 1.5 * ** **  * 
Relative         1.3 * ** **  * 
Entropy          1.1 * ** **  **
(15.7 bits)      0.9 * ** **  **
                 0.7 ***********
                 0.4 ***********
                 0.2 ***********
                 0.0 -----------

Multilevel           GTGGCGGCAGG
consensus                T  GG T
sequence                        
                                
--------------------------------------------------------------------------------

--------------------------------------------------------------------------------
	Motif GTGGYGGSRGG MEME-4 sites sorted by position p-value
--------------------------------------------------------------------------------
Sequence name             Start   P-value               Site  
-------------             ----- ---------            -----------
40107                         1  2.22e-07          . GTGGTGGCAGG           
40069                         1  2.22e-07          . GTGGTGGCAGG           
40583                         1  1.66e-06          . GTGGCGGAAGG           
40556                         1  6.85e-06          . GTGGGGGCGGT           
40399                         1  1.53e-05          . GAGGCGGGTGG           
40243                         1  1.58e-05          . GGGGCGGGGGT           
40224                         1  1.96e-05          . CTGATGGCAGG           
--------------------------------------------------------------------------------

--------------------------------------------------------------------------------
	Motif GTGGYGGSRGG MEME-4 block diagrams
--------------------------------------------------------------------------------
SEQUENCE NAME            POSITION P-VALUE  MOTIF DIAGRAM
-------------            ----------------  -------------
40107                             2.2e-07  [+4]
40069                             2.2e-07  [+4]
40583                             1.7e-06  [+4]
40556                             6.8e-06  [+4]
40399                             1.5e-05  [+4]
40243                             1.6e-05  [+4]
40224                               2e-05  [+4]
--------------------------------------------------------------------------------

--------------------------------------------------------------------------------
	Motif GTGGYGGSRGG MEME-4 in BLOCKS format
--------------------------------------------------------------------------------
BL   MOTIF GTGGYGGSRGG width=11 seqs=7
40107                    (    1) GTGGTGGCAGG  1 
40069                    (    1) GTGGTGGCAGG  1 
40583                    (    1) GTGGCGGAAGG  1 
40556                    (    1) GTGGGGGCGGT  1 
40399                    (    1) GAGGCGGGTGG  1 
40243                    (    1) GGGGCGGGGGT  1 
40224                    (    1) CTGATGGCAGG  1 
//

--------------------------------------------------------------------------------

--------------------------------------------------------------------------------
	Motif GTGGYGGSRGG MEME-4 position-specific scoring matrix
--------------------------------------------------------------------------------
log-odds matrix: alength= 4 w= 11 n= 567 bayes= 6.93382 E= 2.3e-002 
  -945    -60    196   -945 
   -94   -945    -63    131 
  -945   -945    218   -945 
   -94   -945    196   -945 
  -945     98    -63     58 
  -945   -945    218   -945 
  -945   -945    218   -945 
   -94    140     37   -945 
   105   -945     37   -101 
  -945   -945    218   -945 
  -945   -945    169     -1 
--------------------------------------------------------------------------------

--------------------------------------------------------------------------------
	Motif GTGGYGGSRGG MEME-4 position-specific probability matrix
--------------------------------------------------------------------------------
letter-probability matrix: alength= 4 w= 11 nsites= 7 E= 2.3e-002 
 0.000000  0.142857  0.857143  0.000000 
 0.142857  0.000000  0.142857  0.714286 
 0.000000  0.000000  1.000000  0.000000 
 0.142857  0.000000  0.857143  0.000000 
 0.000000  0.428571  0.142857  0.428571 
 0.000000  0.000000  1.000000  0.000000 
 0.000000  0.000000  1.000000  0.000000 
 0.142857  0.571429  0.285714  0.000000 
 0.571429  0.000000  0.285714  0.142857 
 0.000000  0.000000  1.000000  0.000000 
 0.000000  0.000000  0.714286  0.285714 
--------------------------------------------------------------------------------

--------------------------------------------------------------------------------
	Motif GTGGYGGSRGG MEME-4 regular expression
--------------------------------------------------------------------------------
GTGG[CT]GG[CG][AG]G[GT]
--------------------------------------------------------------------------------




Time  2.09 secs.

********************************************************************************


********************************************************************************
MOTIF AGSCDGGMKSV MEME-5	width =  11  sites =  16  llr = 119  E-value = 7.3e-003
********************************************************************************
--------------------------------------------------------------------------------
	Motif AGSCDGGMKSV MEME-5 Description
--------------------------------------------------------------------------------
Simplified        A  6:::41:4114
pos.-specific     C  31691:16233
probability       G  1941389:543
matrix            T  1:::21::31:

         bits    2.2            
                 2.0            
                 1.8  * *  *    
                 1.5  * *  *    
Relative         1.3  * * **    
Entropy          1.1  *** ***   
(10.7 bits)      0.9  *** ***   
                 0.7  *** ***   
                 0.4 **** **** *
                 0.2 **** ******
                 0.0 -----------

Multilevel           AGCCAGGCGGA
consensus            C G G  ATCC
sequence                       G
                                
--------------------------------------------------------------------------------

--------------------------------------------------------------------------------
	Motif AGSCDGGMKSV MEME-5 sites sorted by position p-value
--------------------------------------------------------------------------------
Sequence name             Start   P-value               Site  
-------------             ----- ---------            -----------
40307                         1  7.66e-07          . AGGCGGGCGGA           
40419                         1  2.49e-05          . AGCCAGGATGG           
40553                         1  3.18e-05          . AGGCCGGAGCC           
40119                         1  3.18e-05          . TGCCAGGCGGG           
40218                         1  4.39e-05          . AGGCAGGAGTA           
40455                         1  1.06e-04          . CGCCAGGCTAA           
40294                         1  1.06e-04          . CGCCGGGCAGC           
40100                         1  1.28e-04          . AGGCATGAGCC           
40084                         1  1.80e-04          . AGCCGGCAGCC           
40110                         1  1.94e-04          . AGCCTGGACTA           
40044                         1  2.11e-04          . GGCCTGGCCGA           
40269                         1  2.31e-04          . AGGCGAGAGCC           
40079                         1  2.64e-04          . AGGGAGGCTGA           
40474                         1  3.55e-04          . CGGCGTGCTGG           
40120                         1  3.55e-04          . CCCCTGGCGCA           
40123                         1  6.81e-04          . TGCCCGGCCAG           
--------------------------------------------------------------------------------

--------------------------------------------------------------------------------
	Motif AGSCDGGMKSV MEME-5 block diagrams
--------------------------------------------------------------------------------
SEQUENCE NAME            POSITION P-VALUE  MOTIF DIAGRAM
-------------            ----------------  -------------
40307                             7.7e-07  [+5]
40419                             2.5e-05  [+5]
40553                             3.2e-05  [+5]
40119                             3.2e-05  [+5]
40218                             4.4e-05  [+5]
40455                             0.00011  [+5]
40294                             0.00011  [+5]
40100                             0.00013  [+5]
40084                             0.00018  [+5]
40110                             0.00019  [+5]
40044                             0.00021  [+5]
40269                             0.00023  [+5]
40079                             0.00026  [+5]
40474                             0.00035  [+5]
40120                             0.00035  [+5]
40123                             0.00068  [+5]
--------------------------------------------------------------------------------

--------------------------------------------------------------------------------
	Motif AGSCDGGMKSV MEME-5 in BLOCKS format
--------------------------------------------------------------------------------
BL   MOTIF AGSCDGGMKSV width=11 seqs=16
40307                    (    1) AGGCGGGCGGA  1 
40419                    (    1) AGCCAGGATGG  1 
40553                    (    1) AGGCCGGAGCC  1 
40119                    (    1) TGCCAGGCGGG  1 
40218                    (    1) AGGCAGGAGTA  1 
40455                    (    1) CGCCAGGCTAA  1 
40294                    (    1) CGCCGGGCAGC  1 
40100                    (    1) AGGCATGAGCC  1 
40084                    (    1) AGCCGGCAGCC  1 
40110                    (    1) AGCCTGGACTA  1 
40044                    (    1) GGCCTGGCCGA  1 
40269                    (    1) AGGCGAGAGCC  1 
40079                    (    1) AGGGAGGCTGA  1 
40474                    (    1) CGGCGTGCTGG  1 
40120                    (    1) CCCCTGGCGCA  1 
40123                    (    1) TGCCCGGCCAG  1 
//

--------------------------------------------------------------------------------

--------------------------------------------------------------------------------
	Motif AGSCDGGMKSV MEME-5 position-specific scoring matrix
--------------------------------------------------------------------------------
log-odds matrix: alength= 4 w= 11 n= 567 bayes= 5.85953 E= 7.3e-003 
   103     21   -182   -120 
 -1064   -179    209  -1064 
 -1064    138     99  -1064 
 -1064    211   -182  -1064 
    45    -79     50    -62 
  -214  -1064    188   -120 
 -1064   -179    209  -1064 
    67    138  -1064  -1064 
  -214    -21    118    -20 
  -114     53     99   -120 
    67     53     18  -1064 
--------------------------------------------------------------------------------

--------------------------------------------------------------------------------
	Motif AGSCDGGMKSV MEME-5 position-specific probability matrix
--------------------------------------------------------------------------------
letter-probability matrix: alength= 4 w= 11 nsites= 16 E= 7.3e-003 
 0.562500  0.250000  0.062500  0.125000 
 0.000000  0.062500  0.937500  0.000000 
 0.000000  0.562500  0.437500  0.000000 
 0.000000  0.937500  0.062500  0.000000 
 0.375000  0.125000  0.312500  0.187500 
 0.062500  0.000000  0.812500  0.125000 
 0.000000  0.062500  0.937500  0.000000 
 0.437500  0.562500  0.000000  0.000000 
 0.062500  0.187500  0.500000  0.250000 
 0.125000  0.312500  0.437500  0.125000 
 0.437500  0.312500  0.250000  0.000000 
--------------------------------------------------------------------------------

--------------------------------------------------------------------------------
	Motif AGSCDGGMKSV MEME-5 regular expression
--------------------------------------------------------------------------------
[AC]G[CG]C[AG]GG[CA][GT][GC][ACG]
--------------------------------------------------------------------------------




Time  2.18 secs.

********************************************************************************


********************************************************************************
MOTIF CTGTGGYT MEME-6	width =   8  sites =   9  llr = 77  E-value = 1.8e+003
********************************************************************************
--------------------------------------------------------------------------------
	Motif CTGTGGYT MEME-6 Description
--------------------------------------------------------------------------------
Simplified        A  :::2::::
pos.-specific     C  a:::::6:
probability       G  :1a18a1:
matrix            T  :9:72:3a

         bits    2.2 * *  *  
                 2.0 * *  *  
                 1.8 * *  * *
                 1.5 * *  * *
Relative         1.3 *** ** *
Entropy          1.1 *** ** *
(12.4 bits)      0.9 *** ** *
                 0.7 ********
                 0.4 ********
                 0.2 ********
                 0.0 --------

Multilevel           CTGTGGCT
consensus               AT T 
sequence                     
                             
--------------------------------------------------------------------------------

--------------------------------------------------------------------------------
	Motif CTGTGGYT MEME-6 sites sorted by position p-value
--------------------------------------------------------------------------------
Sequence name             Start   P-value              Site
-------------             ----- ---------            --------
40442                         1  1.20e-05          . CTGTGGCT CAC       
40517                         4  2.79e-05        CCT CTGTGGTT           
40493                         4  3.94e-05        AGC CTGAGGCT           
40151                         1  3.94e-05          . CTGAGGCT GAT       
40296                         1  5.50e-05          . CTGTTGCT GTC       
40289                         3  7.65e-05         TT CTGTGGGT T         
40329                         4  8.58e-05        GTG CGGTGGCT           
40310                         3  1.22e-04         CA CTGTTGTT T         
40580                         4  1.34e-04        CCT CTGGGGTT           
--------------------------------------------------------------------------------

--------------------------------------------------------------------------------
	Motif CTGTGGYT MEME-6 block diagrams
--------------------------------------------------------------------------------
SEQUENCE NAME            POSITION P-VALUE  MOTIF DIAGRAM
-------------            ----------------  -------------
40442                             1.2e-05  [+6]_3
40517                             2.8e-05  3_[+6]
40493                             3.9e-05  3_[+6]
40151                             3.9e-05  [+6]_3
40296                             5.5e-05  [+6]_3
40289                             7.7e-05  2_[+6]_1
40329                             8.6e-05  3_[+6]
40310                             0.00012  2_[+6]_1
40580                             0.00013  3_[+6]
--------------------------------------------------------------------------------

--------------------------------------------------------------------------------
	Motif CTGTGGYT MEME-6 in BLOCKS format
--------------------------------------------------------------------------------
BL   MOTIF CTGTGGYT width=8 seqs=9
40442                    (    1) CTGTGGCT  1 
40517                    (    4) CTGTGGTT  1 
40493                    (    4) CTGAGGCT  1 
40151                    (    1) CTGAGGCT  1 
40296                    (    1) CTGTTGCT  1 
40289                    (    3) CTGTGGGT  1 
40329                    (    4) CGGTGGCT  1 
40310                    (    3) CTGTTGTT  1 
40580                    (    4) CTGGGGTT  1 
//

--------------------------------------------------------------------------------

--------------------------------------------------------------------------------
	Motif CTGTGGYT MEME-6 position-specific scoring matrix
--------------------------------------------------------------------------------
log-odds matrix: alength= 4 w= 8 n= 2268 bayes= 8.10636 E= 1.8e+003 
  -982    221   -982   -982 
  -982   -982    -99    163 
  -982   -982    218   -982 
   -31   -982    -99    121 
  -982   -982    182    -37 
  -982   -982    218   -982 
  -982    136    -99     21 
  -982   -982   -982    180 
--------------------------------------------------------------------------------

--------------------------------------------------------------------------------
	Motif CTGTGGYT MEME-6 position-specific probability matrix
--------------------------------------------------------------------------------
letter-probability matrix: alength= 4 w= 8 nsites= 9 E= 1.8e+003 
 0.000000  1.000000  0.000000  0.000000 
 0.000000  0.000000  0.111111  0.888889 
 0.000000  0.000000  1.000000  0.000000 
 0.222222  0.000000  0.111111  0.666667 
 0.000000  0.000000  0.777778  0.222222 
 0.000000  0.000000  1.000000  0.000000 
 0.000000  0.555556  0.111111  0.333333 
 0.000000  0.000000  0.000000  1.000000 
--------------------------------------------------------------------------------

--------------------------------------------------------------------------------
	Motif CTGTGGYT MEME-6 regular expression
--------------------------------------------------------------------------------
CTG[TA][GT]G[CT]T
--------------------------------------------------------------------------------




Time  2.28 secs.

********************************************************************************


********************************************************************************
SUMMARY OF MOTIFS
********************************************************************************

--------------------------------------------------------------------------------
	Combined block diagrams: non-overlapping sites with p-value < 0.0001
--------------------------------------------------------------------------------
SEQUENCE NAME            COMBINED P-VALUE  MOTIF DIAGRAM
-------------            ----------------  -------------
40017                            6.15e-01  11
40018                            9.22e-01  11
40019                            9.66e-01  11
40020                            9.95e-01  11
40021                            9.85e-01  11
40022                            2.94e-01  11
40023                            2.47e-01  11
40024                            9.78e-01  11
40025                            8.89e-01  11
40026                            6.18e-01  11
40027                            2.19e-01  11
40028                            9.35e-01  11
40029                            9.34e-01  11
40030                            5.36e-01  11
40031                            9.96e-01  11
40032                            9.05e-03  2_[+1(1.77e-05)]_1
40033                            3.55e-03  1_[+3(1.91e-05)]_2
40034                            9.74e-01  11
40035                            5.68e-01  11
40036                            4.00e-01  11
40037                            1.01e-01  11
40038                            2.08e-01  11
40039                            2.56e-02  2_[+3(1.91e-05)]_1
40040                            2.66e-01  11
40041                            9.94e-01  11
40042                            6.92e-01  11
40043                            6.53e-01  11
40044                            4.58e-03  11
40045                            6.53e-01  11
40046                            8.20e-01  11
40047                            2.92e-01  11
40048                            2.14e-01  11
40049                            1.45e-01  11
40050                            4.39e-01  11
40051                            9.81e-01  11
40052                            1.83e-01  11
40053                            8.48e-01  11
40054                            3.44e-01  11
40055                            4.84e-01  11
40056                            9.09e-01  11
40057                            8.70e-01  11
40058                            9.25e-01  11
40059                            5.68e-02  11
40060                            6.09e-01  11
40061                            4.84e-01  11
40062                            4.34e-01  11
40063                            8.39e-01  11
40064                            9.07e-01  11
40065                            7.82e-01  11
40066                            9.86e-01  11
40067                            6.60e-01  11
40068                            3.37e-01  11
40069                            3.04e-06  [+4(2.22e-07)]
40070                            9.14e-01  11
40071                            8.56e-01  11
40072                            1.71e-02  1_[+1(3.98e-05)]_2
40073                            7.38e-01  11
40074                            1.94e-01  11
40075                            1.21e-01  11
40076                            1.10e-01  11
40077                            4.26e-01  11
40078                            4.83e-01  11
40079                            4.35e-04  11
40080                            6.80e-01  11
40081                            2.62e-01  11
40082                            6.94e-01  11
40083                            3.11e-01  11
40084                            4.19e-03  11
40085                            1.76e-04  [+2(2.73e-06)]
40086                            6.09e-02  11
40087                            3.51e-01  11
40088                            9.30e-01  11
40089                            3.27e-01  11
40090                            1.91e-01  11
40091                            4.01e-03  11
40092                            4.28e-02  11
40093                            3.07e-01  11
40094                            8.18e-01  11
40095                            7.01e-01  11
40096                            8.63e-01  11
40097                            2.80e-02  11
40098                            2.96e-01  11
40099                            8.20e-01  11
40100                            2.32e-02  11
40101                            1.21e-01  11
40102                            4.03e-01  11
40103                            9.82e-01  11
40104                            8.24e-01  11
40105                            5.36e-01  11
40106                            9.71e-01  11
40107                            3.04e-06  [+4(2.22e-07)]
40108                            2.41e-03  [+2(3.79e-06)]
40109                            4.63e-01  11
40110                            2.49e-03  11
40111                            5.17e-01  11
40112                            7.98e-01  11
40113                            7.10e-01  11
40114                            8.74e-01  11
40115                            7.38e-01  11
40116                            2.71e-01  11
40117                            3.67e-01  11
40118                            9.74e-01  11
40119                            1.31e-03  [+5(3.18e-05)]
40120                            1.29e-03  11
40121                            9.02e-01  11
40122                            7.37e-01  11
40123                            1.67e-02  11
40124                            5.73e-01  11
40125                            4.23e-01  11
40126                            9.29e-01  11
40127                            7.83e-01  11
40128                            3.05e-01  11
40129                            4.85e-01  11
40130                            3.98e-01  11
40131                            8.28e-01  11
40132                            9.31e-01  11
40133                            9.44e-01  11
40134                            3.37e-01  11
40135                            4.89e-01  11
40136                            9.62e-01  11
40137                            9.17e-01  11
40138                            6.36e-01  11
40139                            1.33e-01  11
40140                            8.63e-01  11
40141                            5.65e-01  11
40142                            4.49e-01  11
40143                            4.46e-02  11
40144                            8.29e-01  11
40145                            1.17e-01  11
40146                            9.68e-01  11
40147                            7.10e-02  11
40148                            9.93e-01  11
40149                            1.89e-02  11
40150                            4.13e-01  11
40151                            5.50e-03  [+6(3.94e-05)]_3
40152                            7.24e-01  11
40153                            4.96e-01  11
40154                            7.75e-01  11
40155                            8.96e-01  11
40156                            1.69e-01  11
40157                            7.72e-01  11
40158                            8.32e-03  [+2(4.48e-05)]
40159                            7.14e-01  11
40160                            6.93e-01  11
40161                            5.40e-01  11
40162                            8.69e-01  11
40163                            8.20e-01  11
40164                            1.67e-01  11
40165                            6.84e-01  11
40166                            9.68e-01  11
40167                            8.62e-01  11
40168                            7.58e-01  11
40169                            9.86e-01  11
40170                            2.85e-01  11
40171                            1.85e-01  11
40172                            2.11e-01  11
40173                            2.41e-01  11
40174                            4.28e-02  11
40175                            1.91e-01  11
40176                            2.41e-04  1_[+1(8.56e-05)]_2
40177                            4.94e-01  11
40178                            9.05e-03  2_[+1(1.77e-05)]_1
40179                            6.10e-03  11
40180                            9.15e-02  11
40181                            8.43e-05  1_[+1(1.77e-05)]_2
40182                            6.16e-03  [+1(1.77e-05)]_3
40183                            9.88e-01  11
40184                            8.70e-01  11
40185                            3.62e-01  11
40186                            9.72e-01  11
40187                            1.74e-02  1_[+3(7.81e-05)]_2
40188                            9.58e-01  11
40189                            9.98e-01  11
40190                            9.12e-01  11
40191                            8.29e-01  11
40192                            9.20e-02  11
40193                            9.05e-03  2_[+1(1.77e-05)]_1
40194                            4.60e-01  11
40195                            4.83e-01  11
40196                            8.16e-03  3_[+1(1.77e-05)]
40197                            1.26e-03  1_[+1(3.98e-05)]_2
40198                            9.21e-01  11
40199                            3.43e-04  1_[+1(1.77e-05)]_2
40200                            3.84e-01  11
40201                            2.37e-01  11
40202                            7.33e-01  11
40203                            7.23e-01  11
40204                            6.54e-02  11
40205                            1.78e-03  [+2(4.48e-05)]
40206                            1.61e-01  11
40207                            5.24e-01  11
40208                            1.05e-01  11
40209                            8.83e-01  11
40210                            8.50e-01  11
40211                            9.82e-01  11
40212                            5.86e-01  11
40213                            3.59e-01  11
40214                            6.26e-01  11
40215                            7.72e-01  11
40216                            6.15e-01  11
40217                            8.99e-01  11
40218                            5.97e-03  [+5(4.39e-05)]
40219                            9.33e-01  11
40220                            5.86e-01  11
40221                            4.43e-01  11
40222                            7.42e-01  11
40223                            4.89e-01  11
40224                            5.81e-05  [+4(1.96e-05)]
40225                            2.77e-01  11
40226                            5.27e-01  11
40227                            1.76e-04  [+2(2.73e-06)]
40228                            5.38e-01  11
40229                            6.31e-01  11
40230                            6.99e-01  11
40231                            4.33e-01  11
40232                            4.80e-01  11
40233                            9.00e-01  11
40234                            2.41e-01  11
40235                            2.29e-01  11
40236                            2.29e-01  11
40237                            2.84e-02  11
40238                            9.19e-01  11
40239                            6.52e-01  11
40240                            8.19e-01  11
40241                            4.35e-01  11
40242                            1.00e+00  11
40243                            7.81e-04  [+4(1.58e-05)]
40244                            1.93e-01  11
40245                            6.68e-01  11
40246                            4.58e-01  11
40247                            1.99e-01  11
40248                            1.26e-01  11
40249                            7.91e-01  11
40250                            6.85e-03  3_[+3(1.91e-05)]
40251                            2.41e-01  11
40252                            1.52e-01  11
40253                            1.34e-01  11
40254                            1.22e-01  11
40255                            8.19e-01  11
40256                            9.74e-01  11
40257                            5.61e-01  11
40258                            1.73e-01  11
40259                            6.40e-01  11
40260                            7.44e-02  11
40261                            7.08e-01  11
40262                            3.10e-01  11
40263                            8.27e-01  11
40264                            5.19e-01  11
40265                            7.86e-01  11
40266                            3.39e-01  11
40267                            6.79e-01  11
40268                            6.96e-01  11
40269                            1.35e-02  11
40270                            6.53e-01  11
40271                            4.73e-01  11
40272                            3.13e-01  11
40273                            4.05e-01  11
40274                            2.71e-01  11
40275                            2.50e-01  11
40276                            7.71e-01  11
40277                            8.27e-01  11
40278                            1.56e-01  11
40279                            6.19e-01  11
40280                            2.52e-01  11
40281                            4.46e-01  11
40282                            7.45e-01  11
40283                            2.26e-02  [+3(5.87e-05)]_3
40284                            8.51e-01  11
40285                            7.86e-01  11
40286                            7.24e-01  11
40287                            7.41e-03  [+2(5.52e-05)]
40288                            6.16e-02  11
40289                            4.52e-02  2_[+6(7.65e-05)]_1
40290                            8.15e-01  11
40291                            7.04e-01  11
40292                            4.72e-01  11
40293                            6.69e-01  11
40294                            2.66e-04  11
40295                            1.93e-01  11
40296                            2.25e-03  [+6(5.50e-05)]_3
40297                            7.14e-01  11
40298                            8.60e-01  11
40299                            7.36e-01  11
40300                            3.62e-02  11
40301                            6.89e-01  11
40302                            6.99e-01  11
40303                            8.09e-01  11
40304                            8.44e-01  11
40305                            6.14e-01  11
40306                            6.58e-01  11
40307                            4.30e-05  [+5(7.66e-07)]
40308                            8.27e-01  11
40309                            3.11e-01  11
40310                            8.39e-02  11
40311                            5.10e-01  11
40312                            3.00e-01  11
40313                            4.18e-01  11
40314                            8.21e-01  11
40315                            3.86e-01  11
40316                            8.67e-01  11
40317                            5.84e-02  11
40318                            3.65e-01  11
40319                            3.16e-01  11
40320                            9.34e-02  11
40321                            5.32e-01  11
40322                            9.53e-01  11
40323                            6.63e-01  11
40324                            4.92e-01  11
40325                            6.61e-01  11
40326                            5.64e-02  11
40327                            9.37e-02  11
40328                            2.38e-01  11
40329                            7.11e-03  3_[+6(8.58e-05)]
40330                            5.70e-01  11
40331                            9.04e-01  11
40332                            6.50e-01  11
40333                            4.32e-01  11
40334                            3.85e-01  11
40335                            7.78e-01  11
40336                            2.67e-03  [+2(1.06e-05)]
40337                            5.37e-01  11
40338                            2.90e-01  11
40339                            3.73e-01  11
40340                            7.46e-01  11
40341                            8.78e-01  11
40342                            6.05e-01  11
40343                            9.16e-01  11
40344                            9.87e-01  11
40345                            8.30e-02  11
40346                            4.07e-02  11
40347                            3.85e-01  11
40348                            1.46e-01  11
40349                            8.08e-02  11
40350                            6.80e-01  11
40351                            9.71e-01  11
40352                            7.42e-01  11
40353                            6.23e-03  11
40354                            2.51e-01  11
40355                            1.56e-01  11
40356                            8.14e-02  11
40357                            4.61e-02  11
40358                            2.90e-01  11
40359                            9.59e-01  11
40360                            1.23e-01  11
40361                            3.71e-01  11
40362                            3.37e-01  11
40363                            9.39e-01  11
40364                            3.46e-01  11
40365                            7.81e-01  11
40366                            7.93e-01  11
40367                            6.63e-01  11
40368                            1.68e-02  11
40369                            8.15e-01  11
40370                            9.81e-01  11
40371                            6.41e-01  11
40372                            8.26e-01  11
40373                            2.07e-01  11
40374                            7.28e-01  11
40375                            7.02e-01  11
40376                            2.98e-01  11
40377                            8.88e-01  11
40378                            5.49e-01  11
40379                            2.10e-01  11
40380                            6.68e-01  11
40381                            2.94e-01  11
40382                            6.02e-01  11
40383                            4.48e-01  11
40384                            8.56e-01  11
40385                            8.60e-01  11
40386                            9.53e-01  11
40387                            4.98e-01  11
40388                            9.92e-01  11
40389                            2.47e-02  11
40390                            1.99e-01  11
40391                            1.45e-02  11
40392                            9.01e-01  11
40393                            9.25e-02  11
40394                            6.19e-01  11
40395                            1.56e-02  11
40396                            9.36e-01  11
40397                            2.90e-01  11
40398                            4.98e-01  11
40399                            1.17e-03  [+4(1.53e-05)]
40400                            3.77e-01  11
40401                            9.22e-01  11
40402                            2.45e-01  11
40403                            8.46e-02  11
40404                            8.89e-01  11
40405                            1.18e-01  11
40406                            7.83e-01  11
40407                            6.31e-01  11
40408                            1.16e-01  11
40409                            5.98e-01  11
40410                            2.97e-01  11
40411                            6.81e-01  11
40412                            9.86e-01  11
40413                            3.69e-01  11
40414                            1.51e-01  11
40415                            9.79e-01  11
40416                            7.03e-01  11
40417                            3.70e-01  11
40418                            9.47e-01  11
40419                            5.10e-03  [+5(2.49e-05)]
40420                            6.36e-01  11
40421                            3.83e-01  11
40422                            2.12e-01  11
40423                            8.37e-01  11
40424                            9.34e-01  11
40425                            1.44e-01  11
40426                            8.75e-01  11
40427                            3.34e-01  11
40428                            5.25e-03  [+2(1.72e-05)]
40429                            1.24e-01  11
40430                            9.21e-01  11
40431                            3.02e-01  11
40432                            5.26e-01  11
40433                            2.63e-01  11
40434                            1.08e-01  11
40435                            1.32e-01  11
40436                            1.74e-01  11
40437                            1.49e-01  11
40438                            9.71e-02  11
40439                            5.28e-01  11
40440                            2.79e-02  11
40441                            4.82e-01  11
40442                            3.12e-03  [+6(1.20e-05)]_3
40443                            8.92e-01  11
40444                            2.37e-01  11
40445                            1.19e-01  11
40446                            2.68e-01  11
40447                            6.53e-01  11
40448                            9.99e-01  11
40449                            5.55e-01  11
40450                            7.65e-01  11
40451                            9.95e-01  11
40452                            4.60e-01  11
40453                            2.72e-01  11
40454                            4.71e-01  11
40455                            7.12e-03  11
40456                            9.56e-01  11
40457                            5.91e-01  11
40458                            6.22e-01  11
40459                            5.73e-02  11
40460                            7.94e-01  11
40461                            2.67e-01  11
40462                            9.69e-01  11
40463                            6.31e-01  11
40464                            3.53e-01  11
40465                            8.25e-01  11
40466                            2.36e-01  11
40467                            2.36e-01  11
40468                            5.10e-01  11
40469                            5.16e-01  11
40470                            5.02e-02  11
40471                            3.49e-02  11
40472                            5.36e-01  11
40473                            9.97e-01  11
40474                            1.80e-03  11
40475                            5.05e-01  11
40476                            7.42e-02  11
40477                            2.25e-01  11
40478                            1.41e-01  11
40479                            3.04e-01  11
40480                            6.09e-01  11
40481                            2.82e-03  11
40482                            3.58e-01  11
40483                            8.57e-01  11
40484                            3.29e-02  11
40485                            2.59e-01  11
40486                            7.73e-01  11
40487                            9.43e-01  11
40488                            1.78e-01  11
40489                            6.64e-01  11
40490                            9.43e-01  11
40491                            6.23e-01  11
40492                            3.73e-01  11
40493                            6.64e-03  3_[+6(3.94e-05)]
40494                            4.98e-01  11
40495                            3.37e-01  11
40496                            2.15e-01  11
40497                            9.35e-01  11
40498                            4.55e-01  11
40499                            7.22e-01  11
40500                            5.98e-02  11
40501                            6.28e-01  11
40502                            3.43e-01  11
40503                            3.02e-01  11
40504                            8.17e-01  11
40505                            5.64e-01  11
40506                            2.23e-01  11
40507                            8.23e-01  11
40508                            2.58e-01  11
40509                            5.09e-01  11
40510                            3.79e-01  11
40511                            8.39e-01  11
40512                            5.69e-03  1_[+3(3.35e-05)]_2
40513                            6.41e-01  11
40514                            6.60e-01  11
40515                            9.24e-01  11
40516                            8.69e-01  11
40517                            7.02e-03  3_[+6(2.79e-05)]
40518                            3.30e-01  11
40519                            8.79e-01  11
40520                            2.77e-02  2_[+3(1.91e-05)]_1
40521                            1.82e-02  3_[+3(1.91e-05)]
40522                            2.15e-01  11
40523                            3.19e-01  11
40524                            3.70e-01  11
40525                            5.32e-01  11
40526                            5.51e-01  11
40527                            8.71e-04  [+2(1.48e-05)]
40528                            6.70e-02  11
40529                            1.07e-01  11
40530                            7.28e-01  11
40531                            6.60e-01  11
40532                            8.37e-01  11
40533                            6.07e-02  11
40534                            4.55e-01  11
40535                            4.81e-02  11
40536                            9.70e-01  11
40537                            1.11e-01  11
40538                            3.29e-01  11
40539                            6.81e-01  11
40540                            7.01e-01  11
40541                            4.37e-01  11
40542                            7.07e-01  11
40543                            5.86e-01  11
40544                            1.86e-01  11
40545                            9.66e-01  11
40546                            2.69e-01  11
40547                            5.63e-01  11
40548                            9.12e-01  11
40549                            2.29e-01  11
40550                            2.15e-01  11
40551                            3.29e-01  11
40552                            2.87e-01  11
40553                            3.69e-04  [+5(3.18e-05)]
40554                            4.89e-01  11
40555                            1.27e-01  11
40556                            5.61e-04  [+4(6.85e-06)]
40557                            4.07e-05  1_[+1(1.77e-05)]_2
40558                            6.22e-02  2_[+1(3.98e-05)]_1
40559                            4.84e-02  2_[+1(5.72e-05)]_1
40560                            3.22e-01  11
40561                            8.54e-01  11
40562                            1.08e-02  [+3(1.91e-05)]_3
40563                            4.77e-01  11
40564                            4.97e-01  11
40565                            2.30e-02  11
40566                            2.73e-01  11
40567                            4.07e-05  1_[+1(1.77e-05)]_2
40568                            9.70e-01  11
40569                            6.86e-01  11
40570                            1.35e-02  11
40571                            7.09e-03  11
40572                            8.55e-01  11
40573                            9.61e-02  11
40574                            8.17e-01  11
40575                            8.39e-01  11
40576                            1.31e-01  11
40577                            2.40e-01  11
40578                            6.03e-01  11
40579                            9.73e-01  11
40580                            6.54e-03  11
40581                            9.32e-01  11
40582                            6.55e-01  11
40583                            9.28e-05  [+4(1.66e-06)]
--------------------------------------------------------------------------------

********************************************************************************


********************************************************************************
Stopped because requested number of motifs (6) found.
********************************************************************************

CPU: ip-172-31-25-197

********************************************************************************
