********************************************************************************
MEME - Motif discovery tool
********************************************************************************
MEME version 5.5.5 (Release date: Thu Sep 14 08:48:04 2023 +1000)

For further information on how to interpret these results please access http://meme-suite.org.
To get a copy of the MEME Suite software please access https://meme-suite.org.

********************************************************************************


********************************************************************************
REFERENCE
********************************************************************************
If you use this program in your research, please cite:

Timothy L. Bailey and Charles Elkan,
"Fitting a mixture model by expectation maximization to
discover motifs in biopolymers",
Proceedings of the Second International Conference on Intelligent Systems
for Molecular Biology, pp. 28-36, AAAI Press, Menlo Park, California, 1994.
********************************************************************************


********************************************************************************
TRAINING SET
********************************************************************************
PRIMARY SEQUENCES= data/tmp_memedir/10_FALSE_TRUE_FALSE_50_15_53_41/CAMTA1.fasta
CONTROL SEQUENCES= --none--
ALPHABET= ACGT
Sequence name            Weight Length  Sequence name            Weight Length  
-------------            ------ ------  -------------            ------ ------  
1                        1.0000     21  2                        1.0000     21  
3                        1.0000     21  4                        1.0000     21  
5                        1.0000     21  6                        1.0000     21  
7                        1.0000     21  8                        1.0000     21  
9                        1.0000     21  10                       1.0000     21  
11                       1.0000     21  12                       1.0000     21  
13                       1.0000     21  14                       1.0000     21  
15                       1.0000     21  16                       1.0000     21  
17                       1.0000     21  18                       1.0000     21  
19                       1.0000     21  20                       1.0000     21  
21                       1.0000     21  22                       1.0000     21  
23                       1.0000     21  24                       1.0000     21  
25                       1.0000     21  26                       1.0000     21  
27                       1.0000     21  28                       1.0000     21  
29                       1.0000     21  30                       1.0000     21  
31                       1.0000     21  32                       1.0000     21  
33                       1.0000     21  34                       1.0000     21  
35                       1.0000     21  36                       1.0000     21  
37                       1.0000     21  38                       1.0000     21  
39                       1.0000     21  40                       1.0000     21  
41                       1.0000     21  42                       1.0000     21  
43                       1.0000     21  44                       1.0000     21  
45                       1.0000     21  46                       1.0000     21  
47                       1.0000     21  48                       1.0000     21  
49                       1.0000     21  50                       1.0000     21  
51                       1.0000     21  52                       1.0000     21  
53                       1.0000     21  54                       1.0000     21  
55                       1.0000     21  56                       1.0000     21  
57                       1.0000     21  58                       1.0000     21  
59                       1.0000     21  60                       1.0000     21  
61                       1.0000     21  62                       1.0000     21  
63                       1.0000     21  64                       1.0000     21  
65                       1.0000     21  66                       1.0000     21  
67                       1.0000     21  68                       1.0000     21  
69                       1.0000     21  70                       1.0000     21  
71                       1.0000     21  72                       1.0000     21  
73                       1.0000     21  74                       1.0000     21  
75                       1.0000     21  76                       1.0000     21  
77                       1.0000     21  78                       1.0000     21  
79                       1.0000     21  80                       1.0000     21  
81                       1.0000     21  82                       1.0000     21  
83                       1.0000     21  84                       1.0000     21  
85                       1.0000     21  86                       1.0000     21  
87                       1.0000     21  88                       1.0000     21  
89                       1.0000     21  90                       1.0000     21  
91                       1.0000     21  92                       1.0000     21  
93                       1.0000     21  94                       1.0000     21  
95                       1.0000     21  96                       1.0000     21  
97                       1.0000     21  98                       1.0000     21  
99                       1.0000     21  100                      1.0000     21  
101                      1.0000     21  102                      1.0000     21  
103                      1.0000     21  104                      1.0000     21  
105                      1.0000     21  106                      1.0000     21  
107                      1.0000     21  108                      1.0000     21  
109                      1.0000     21  110                      1.0000     21  
111                      1.0000     21  112                      1.0000     21  
113                      1.0000     21  114                      1.0000     21  
115                      1.0000     21  116                      1.0000     21  
117                      1.0000     21  118                      1.0000     21  
119                      1.0000     21  120                      1.0000     21  
121                      1.0000     21  122                      1.0000     21  
123                      1.0000     21  124                      1.0000     21  
125                      1.0000     21  126                      1.0000     21  
127                      1.0000     21  128                      1.0000     21  
129                      1.0000     21  130                      1.0000     21  
131                      1.0000     21  132                      1.0000     21  
133                      1.0000     21  134                      1.0000     21  
135                      1.0000     21  136                      1.0000     21  
137                      1.0000     21  138                      1.0000     21  
139                      1.0000     21  140                      1.0000     21  
141                      1.0000     21  142                      1.0000     21  
143                      1.0000     21  144                      1.0000     21  
145                      1.0000     21  146                      1.0000     21  
147                      1.0000     21  148                      1.0000     21  
149                      1.0000     21  150                      1.0000     21  
151                      1.0000     21  152                      1.0000     21  
153                      1.0000     21  154                      1.0000     21  
155                      1.0000     21  156                      1.0000     21  
157                      1.0000     21  158                      1.0000     21  
159                      1.0000     21  160                      1.0000     21  
161                      1.0000     21  162                      1.0000     21  
163                      1.0000     21  164                      1.0000     21  
165                      1.0000     21  166                      1.0000     21  
167                      1.0000     21  168                      1.0000     21  
169                      1.0000     21  170                      1.0000     21  
171                      1.0000     21  172                      1.0000     21  
173                      1.0000     21  174                      1.0000     21  
175                      1.0000     21  176                      1.0000     21  
177                      1.0000     21  178                      1.0000     21  
179                      1.0000     21  180                      1.0000     21  
181                      1.0000     21  182                      1.0000     21  
183                      1.0000     21  184                      1.0000     21  
185                      1.0000     21  186                      1.0000     21  
187                      1.0000     21  188                      1.0000     21  
189                      1.0000     21  190                      1.0000     21  
191                      1.0000     21  192                      1.0000     21  
193                      1.0000     21  194                      1.0000     21  
195                      1.0000     21  196                      1.0000     21  
197                      1.0000     21  198                      1.0000     21  
199                      1.0000     21  200                      1.0000     21  
201                      1.0000     21  202                      1.0000     21  
203                      1.0000     21  204                      1.0000     21  
205                      1.0000     21  206                      1.0000     21  
207                      1.0000     21  208                      1.0000     21  
209                      1.0000     21  210                      1.0000     21  
211                      1.0000     21  212                      1.0000     21  
213                      1.0000     21  214                      1.0000     21  
215                      1.0000     21  216                      1.0000     21  
217                      1.0000     21  218                      1.0000     21  
219                      1.0000     21  220                      1.0000     21  
221                      1.0000     21  222                      1.0000     21  
223                      1.0000     21  224                      1.0000     21  
225                      1.0000     21  226                      1.0000     21  
227                      1.0000     21  228                      1.0000     21  
229                      1.0000     21  230                      1.0000     21  
231                      1.0000     21  232                      1.0000     21  
233                      1.0000     21  234                      1.0000     21  
235                      1.0000     21  236                      1.0000     21  
237                      1.0000     21  238                      1.0000     21  
239                      1.0000     21  240                      1.0000     21  
241                      1.0000     21  242                      1.0000     21  
243                      1.0000     21  244                      1.0000     21  
245                      1.0000     21  246                      1.0000     21  
247                      1.0000     21  248                      1.0000     21  
249                      1.0000     21  250                      1.0000     21  
251                      1.0000     21  252                      1.0000     21  
253                      1.0000     21  254                      1.0000     21  
255                      1.0000     21  256                      1.0000     21  
257                      1.0000     21  258                      1.0000     21  
259                      1.0000     21  260                      1.0000     21  
261                      1.0000     21  262                      1.0000     21  
263                      1.0000     21  264                      1.0000     21  
265                      1.0000     21  266                      1.0000     21  
267                      1.0000     21  268                      1.0000     21  
269                      1.0000     21  270                      1.0000     21  
271                      1.0000     21  272                      1.0000     21  
273                      1.0000     21  274                      1.0000     21  
275                      1.0000     21  276                      1.0000     21  
277                      1.0000     21  278                      1.0000     21  
279                      1.0000     21  280                      1.0000     21  
281                      1.0000     21  282                      1.0000     21  
283                      1.0000     21  284                      1.0000     21  
285                      1.0000     21  286                      1.0000     21  
287                      1.0000     21  288                      1.0000     21  
289                      1.0000     21  290                      1.0000     21  
291                      1.0000     21  292                      1.0000     21  
293                      1.0000     21  294                      1.0000     21  
295                      1.0000     21  296                      1.0000     21  
297                      1.0000     21  298                      1.0000     21  
299                      1.0000     21  300                      1.0000     21  
301                      1.0000     21  302                      1.0000     21  
303                      1.0000     21  304                      1.0000     21  
305                      1.0000     21  306                      1.0000     21  
307                      1.0000     21  308                      1.0000     21  
309                      1.0000     21  310                      1.0000     21  
311                      1.0000     21  312                      1.0000     21  
313                      1.0000     21  314                      1.0000     21  
315                      1.0000     21  316                      1.0000     21  
317                      1.0000     21  318                      1.0000     21  
319                      1.0000     21  320                      1.0000     21  
321                      1.0000     21  322                      1.0000     21  
323                      1.0000     21  324                      1.0000     21  
325                      1.0000     21  326                      1.0000     21  
327                      1.0000     21  328                      1.0000     21  
329                      1.0000     21  330                      1.0000     21  
331                      1.0000     21  332                      1.0000     21  
333                      1.0000     21  334                      1.0000     21  
335                      1.0000     21  336                      1.0000     21  
337                      1.0000     21  338                      1.0000     21  
339                      1.0000     21  340                      1.0000     21  
341                      1.0000     21  342                      1.0000     21  
343                      1.0000     21  344                      1.0000     21  
345                      1.0000     21  346                      1.0000     21  
347                      1.0000     21  348                      1.0000     21  
349                      1.0000     21  350                      1.0000     21  
351                      1.0000     21  352                      1.0000     21  
353                      1.0000     21  354                      1.0000     21  
355                      1.0000     21  356                      1.0000     21  
357                      1.0000     21  358                      1.0000     21  
359                      1.0000     21  360                      1.0000     21  
361                      1.0000     21  362                      1.0000     21  
363                      1.0000     21  364                      1.0000     21  
365                      1.0000     21  366                      1.0000     21  
367                      1.0000     21  368                      1.0000     21  
369                      1.0000     21  370                      1.0000     21  
371                      1.0000     21  372                      1.0000     21  
373                      1.0000     21  374                      1.0000     21  
375                      1.0000     21  376                      1.0000     21  
377                      1.0000     21  378                      1.0000     21  
379                      1.0000     21  380                      1.0000     21  
381                      1.0000     21  382                      1.0000     21  
383                      1.0000     21  384                      1.0000     21  
385                      1.0000     21  386                      1.0000     21  
387                      1.0000     21  388                      1.0000     21  
389                      1.0000     21  390                      1.0000     21  
391                      1.0000     21  392                      1.0000     21  
393                      1.0000     21  394                      1.0000     21  
395                      1.0000     21  396                      1.0000     21  
397                      1.0000     21  398                      1.0000     21  
399                      1.0000     21  400                      1.0000     21  
401                      1.0000     21  402                      1.0000     21  
403                      1.0000     21  404                      1.0000     21  
405                      1.0000     21  406                      1.0000     21  
407                      1.0000     21  408                      1.0000     21  
409                      1.0000     21  410                      1.0000     21  
411                      1.0000     21  412                      1.0000     21  
413                      1.0000     21  414                      1.0000     21  
415                      1.0000     21  416                      1.0000     21  
417                      1.0000     21  418                      1.0000     21  
419                      1.0000     21  420                      1.0000     21  
421                      1.0000     21  422                      1.0000     21  
423                      1.0000     21  424                      1.0000     21  
425                      1.0000     21  426                      1.0000     21  
427                      1.0000     21  428                      1.0000     21  
429                      1.0000     21  430                      1.0000     21  
431                      1.0000     21  432                      1.0000     21  
433                      1.0000     21  434                      1.0000     21  
435                      1.0000     21  436                      1.0000     21  
437                      1.0000     21  438                      1.0000     21  
439                      1.0000     21  440                      1.0000     21  
441                      1.0000     21  442                      1.0000     21  
443                      1.0000     21  444                      1.0000     21  
445                      1.0000     21  446                      1.0000     21  
447                      1.0000     21  448                      1.0000     21  
449                      1.0000     21  450                      1.0000     21  
451                      1.0000     21  452                      1.0000     21  
453                      1.0000     21  454                      1.0000     21  
455                      1.0000     21  456                      1.0000     21  
457                      1.0000     21  458                      1.0000     21  
459                      1.0000     21  460                      1.0000     21  
461                      1.0000     21  462                      1.0000     21  
463                      1.0000     21  464                      1.0000     21  
465                      1.0000     21  466                      1.0000     21  
467                      1.0000     21  468                      1.0000     21  
469                      1.0000     21  470                      1.0000     21  
471                      1.0000     21  472                      1.0000     21  
473                      1.0000     21  474                      1.0000     21  
475                      1.0000     21  476                      1.0000     21  
477                      1.0000     21  478                      1.0000     21  
479                      1.0000     21  480                      1.0000     21  
481                      1.0000     21  482                      1.0000     21  
483                      1.0000     21  484                      1.0000     21  
485                      1.0000     21  486                      1.0000     21  
487                      1.0000     21  488                      1.0000     21  
489                      1.0000     21  490                      1.0000     21  
491                      1.0000     21  492                      1.0000     21  
493                      1.0000     21  494                      1.0000     21  
495                      1.0000     21  496                      1.0000     21  
497                      1.0000     21  498                      1.0000     21  
499                      1.0000     21  500                      1.0000     21  
501                      1.0000     21  502                      1.0000     21  
503                      1.0000     21  504                      1.0000     21  
505                      1.0000     21  506                      1.0000     21  
507                      1.0000     21  508                      1.0000     21  
509                      1.0000     21  510                      1.0000     21  
511                      1.0000     21  512                      1.0000     21  
513                      1.0000     21  514                      1.0000     21  
515                      1.0000     21  516                      1.0000     21  
517                      1.0000     21  518                      1.0000     21  
519                      1.0000     21  520                      1.0000     21  
521                      1.0000     21  522                      1.0000     21  
523                      1.0000     21  524                      1.0000     21  
525                      1.0000     21  526                      1.0000     21  
527                      1.0000     21  528                      1.0000     21  
529                      1.0000     21  530                      1.0000     21  
531                      1.0000     21  532                      1.0000     21  
533                      1.0000     21  534                      1.0000     21  
535                      1.0000     21  536                      1.0000     21  
537                      1.0000     21  538                      1.0000     21  
539                      1.0000     21  540                      1.0000     21  
541                      1.0000     21  542                      1.0000     21  
543                      1.0000     21  544                      1.0000     21  
545                      1.0000     21  546                      1.0000     21  
547                      1.0000     21  548                      1.0000     21  
549                      1.0000     21  550                      1.0000     21  
********************************************************************************

********************************************************************************
COMMAND LINE SUMMARY
********************************************************************************
This information can also be useful in the event you wish to report a
problem with the MEME software.

command: meme data/tmp_memedir/10_FALSE_TRUE_FALSE_50_15_53_41/CAMTA1.fasta -oc data/tmp_memedir/10_FALSE_TRUE_FALSE_50_15_53_41/CAMTA1 -nmotifs 6 -dna -maxw 15 -p 3 -seed 53 

model:  mod=         zoops    nmotifs=         6    evt=           inf
objective function:           em=       E-value of product of p-values
                              starts=   E-value of product of p-values
strands: +
width:  minw=            8    maxw=           15
nsites: minsites=        2    maxsites=      550    wnsites=       0.8
theta:  spmap=         uni    spfuzz=        0.5
em:     prior=   dirichlet    b=            0.01    maxiter=        50
        distance=    1e-05
trim:   wg=             11    ws=              1    endgaps=       yes
data:   n=           11550    N=             550
sample: seed=           53    hsfrac=          0
        searchsize=  11550    norand=         no    csites=       1000
Letter frequencies in dataset:
A 0.154 C 0.359 G 0.335 T 0.153 
Background letter frequencies (from file dataset with add-one prior applied):
A 0.154 C 0.359 G 0.335 T 0.153 
Background model order: 0
********************************************************************************


********************************************************************************
MOTIF TTCCATTCCATTCCA MEME-1	width =  15  sites =  10  llr = 190  E-value = 3.8e-029
********************************************************************************
--------------------------------------------------------------------------------
	Motif TTCCATTCCATTCCA MEME-1 Description
--------------------------------------------------------------------------------
Simplified        A  ::::92:119::::a
pos.-specific     C  ::88:::98:::99:
probability       G  2::21:::11:::::
matrix            T  8a2::8a:::aa11:

         bits    2.7  *    *   **  *
                 2.4  *    *   **  *
                 2.2  *  * *  ***  *
                 1.9 **  ***  ***  *
Relative         1.6 **  ***  ***  *
Entropy          1.4 **  ***  ***  *
(27.4 bits)      1.1 *** **** ******
                 0.8 ***************
                 0.5 ***************
                 0.3 ***************
                 0.0 ---------------

Multilevel           TTCCATTCCATTCCA
consensus            G TG A         
sequence                            
                                    
--------------------------------------------------------------------------------

--------------------------------------------------------------------------------
	Motif TTCCATTCCATTCCA MEME-1 sites sorted by position p-value
--------------------------------------------------------------------------------
Sequence name             Start   P-value                 Site    
-------------             ----- ---------            ---------------
470                           5  1.00e-10       TCCA TTCCATTCCATTCCA CT        
469                           3  1.00e-10         GA TTCCATTCCATTCCA TTCC      
467                           5  1.00e-10       TCCA TTCCATTCCATTCCA TT        
466                           4  1.00e-10        CCA TTCCATTCCATTCCA TTC       
465                           4  1.00e-10        CCA TTCCATTCCATTCCA TGC       
464                           3  5.09e-10         CA TTCCAATCCATTCCA TACC      
20                            5  4.87e-09       AGGA TTCCATTCAGTTCCA TT        
468                           7  1.10e-08     ACTCGG GTTGATTCCATTCTA           
19                            7  1.92e-08     CAATGA TTCCGTTAGATTCCA           
463                           5  2.30e-08       TTCG GTTGAATCCATTTCA TT        
--------------------------------------------------------------------------------

--------------------------------------------------------------------------------
	Motif TTCCATTCCATTCCA MEME-1 block diagrams
--------------------------------------------------------------------------------
SEQUENCE NAME            POSITION P-VALUE  MOTIF DIAGRAM
-------------            ----------------  -------------
470                                 1e-10  4_[+1]_2
469                                 1e-10  2_[+1]_4
467                                 1e-10  4_[+1]_2
466                                 1e-10  3_[+1]_3
465                                 1e-10  3_[+1]_3
464                               5.1e-10  2_[+1]_4
20                                4.9e-09  4_[+1]_2
468                               1.1e-08  6_[+1]
19                                1.9e-08  6_[+1]
463                               2.3e-08  4_[+1]_2
--------------------------------------------------------------------------------

--------------------------------------------------------------------------------
	Motif TTCCATTCCATTCCA MEME-1 in BLOCKS format
--------------------------------------------------------------------------------
BL   MOTIF TTCCATTCCATTCCA width=15 seqs=10
470                      (    5) TTCCATTCCATTCCA  1 
469                      (    3) TTCCATTCCATTCCA  1 
467                      (    5) TTCCATTCCATTCCA  1 
466                      (    4) TTCCATTCCATTCCA  1 
465                      (    4) TTCCATTCCATTCCA  1 
464                      (    3) TTCCAATCCATTCCA  1 
20                       (    5) TTCCATTCAGTTCCA  1 
468                      (    7) GTTGATTCCATTCTA  1 
19                       (    7) TTCCGTTAGATTCCA  1 
463                      (    5) GTTGAATCCATTTCA  1 
//

--------------------------------------------------------------------------------

--------------------------------------------------------------------------------
	Motif TTCCATTCCATTCCA MEME-1 position-specific scoring matrix
--------------------------------------------------------------------------------
log-odds matrix: alength= 4 w= 15 n= 3850 bayes= 8.01756 E= 3.8e-029 
  -997   -997    -74    239 
  -997   -997   -997    271 
  -997    116   -997     39 
  -997    116    -74   -997 
   255   -997   -174   -997 
    38   -997   -997    239 
  -997   -997   -997    271 
   -62    133   -997   -997 
   -62    116   -174   -997 
   255   -997   -174   -997 
  -997   -997   -997    271 
  -997   -997   -997    271 
  -997    133   -997    -61 
  -997    133   -997    -61 
   270   -997   -997   -997 
--------------------------------------------------------------------------------

--------------------------------------------------------------------------------
	Motif TTCCATTCCATTCCA MEME-1 position-specific probability matrix
--------------------------------------------------------------------------------
letter-probability matrix: alength= 4 w= 15 nsites= 10 E= 3.8e-029 
 0.000000  0.000000  0.200000  0.800000 
 0.000000  0.000000  0.000000  1.000000 
 0.000000  0.800000  0.000000  0.200000 
 0.000000  0.800000  0.200000  0.000000 
 0.900000  0.000000  0.100000  0.000000 
 0.200000  0.000000  0.000000  0.800000 
 0.000000  0.000000  0.000000  1.000000 
 0.100000  0.900000  0.000000  0.000000 
 0.100000  0.800000  0.100000  0.000000 
 0.900000  0.000000  0.100000  0.000000 
 0.000000  0.000000  0.000000  1.000000 
 0.000000  0.000000  0.000000  1.000000 
 0.000000  0.900000  0.000000  0.100000 
 0.000000  0.900000  0.000000  0.100000 
 1.000000  0.000000  0.000000  0.000000 
--------------------------------------------------------------------------------

--------------------------------------------------------------------------------
	Motif TTCCATTCCATTCCA MEME-1 regular expression
--------------------------------------------------------------------------------
[TG]T[CT][CG]A[TA]TCCATTCCA
--------------------------------------------------------------------------------




Time  5.41 secs.

********************************************************************************


********************************************************************************
MOTIF YRCTGCAG MEME-2	width =   8  sites =  65  llr = 440  E-value = 2.8e-011
********************************************************************************
--------------------------------------------------------------------------------
	Motif YRCTGCAG MEME-2 Description
--------------------------------------------------------------------------------
Simplified        A  :4:1::71
pos.-specific     C  6192:a::
probability       G  :5::a:39
matrix            T  4::7::::

         bits    2.7         
                 2.4         
                 2.2         
                 1.9         
Relative         1.6     * * 
Entropy          1.4    *****
(9.8 bits)       1.1 * ******
                 0.8 * ******
                 0.5 ********
                 0.3 ********
                 0.0 --------

Multilevel           CGCTGCAG
consensus            TA C  G 
sequence                     
                             
--------------------------------------------------------------------------------

--------------------------------------------------------------------------------
	Motif YRCTGCAG MEME-2 sites sorted by position p-value
--------------------------------------------------------------------------------
Sequence name             Start   P-value              Site
-------------             ----- ---------            --------
447                           5  8.03e-06       GGCG TACTGCAG AGACACCTG 
267                           9  8.03e-06   CCTCCGTA TACTGCAG CACGG     
221                           6  8.03e-06      TTTTG TACTGCAG AAAAATGA  
400                          14  2.69e-05 TGGTGCAGCC CACTGCAG           
226                           3  2.69e-05         GT CACTGCAG CATTCTTCCC
206                          11  2.69e-05 AAGCACAAAC CACTGCAG GGG       
156                           9  2.69e-05   CGCACCTT CACTGCAG TCGGG     
256                          14  4.43e-05 GACTCCGCAC TGCTGCAG           
431                          13  8.53e-05 GCACTGCGGT CGCTGCAG C         
167                          14  8.53e-05 CCTGGCGCAG CGCTGCAG           
128                           3  8.53e-05         AC CGCTGCAG CCGTCGCCGC
547                           2  1.06e-04          C TACTGCAA TGCAGATAGA
516                          13  1.06e-04 GGCCGCGCTG TACTGCGG C         
477                           3  1.06e-04         GT TACTGCGG CCCCGGCGTG
51                            2  1.06e-04          T TACTGCAA CTCGCTCCGG
550                          11  1.86e-04 CCCAGCTGGC CACTGCGG GCC       
501                          11  1.86e-04 CAAGCGTCCG CACTGCGG CCG       
449                           2  1.86e-04          T CACTGCGG TGCGGGCGCC
367                          12  1.86e-04 AGCTCCCACC CACTGCGG CA        
353                           6  1.86e-04      GGTCC CACTGCGG CCCTGCCC  
242                          11  1.86e-04 CCCCTGGGGC CACTGCGG CTT       
197                           5  1.86e-04       CACG CACTGCGG ACACGACAG 
189                           5  1.86e-04       CACA CACTGCGG CAAACTGCA 
45                            6  1.86e-04      CCAGC CACTGCGG AGCCCCTG  
506                           9  2.40e-04   CCGTTGTG TGCTGCAA TGCGG     
393                          10  2.40e-04  CCCCGTGTT TGCTGCGG CAAG      
356                           4  2.40e-04        GCC TGCTGCGG CGCCAGGAGA
33                           11  2.85e-04 AACGAAATCC CACCGCAG CCT       
471                           6  3.52e-04      GCCAT CTCTGCAG CCCAGTCT  
365                           5  3.52e-04       GACG CATTGCAG GGAAGGTCG 
360                           2  3.52e-04          G CATTGCAG GTGTAAAGCG
324                           7  3.52e-04     CTCGGG TGCCGCAG CGCAGCT   
299                          11  3.52e-04 AGTGTGTCGC TGCCGCAG TAG       
283                           9  3.52e-04   GTTGCTAC TGCCGCAG CGGAG     
241                           2  3.52e-04          G CTCTGCAG TCGCGGCTCT
166                          11  3.52e-04 GCCGCAGTCC TGCCGCAG AGC       
162                           9  3.52e-04   GCGGCTCC TGCCGCAG TCAGT     
113                           7  3.52e-04     ATATTC TGCCGCAG TTGGGGG   
106                          13  3.52e-04 ACAGGCGGGG CTCTGCAG G         
340                           5  5.06e-04       GGGC CGCTGCGG CAAAGGCTG 
329                           3  5.06e-04         AG TCCTGCAG GGCGGGGCAA
272                           4  5.06e-04        GCC TGTTGCAG AGGCTGGCTC
249                          10  5.06e-04  CCGCAGAGC CGCTGCGG GGTC      
168                           6  5.06e-04      AGCGC CGCTGCAA CCTGCAAG  
161                          13  5.06e-04 CCGCTGCTGC CGCTGCGG C         
152                          10  5.06e-04  AACCCCCTG CGCTGCGG CTGT      
90                           12  5.06e-04 GACGCGCAGG CGCTGCGG CG        
390                           2  5.23e-04          C TGCAGCAG TTCCCACTCA
54                            3  5.23e-04         GC TGCAGCAG CAGCCATTTT
414                           4  5.31e-04        ACA TAGTGCAG AGAAGCGGAC
512                          11  6.27e-04 GCCCCTCCCA CGCCGCAG TGC       
407                          14  6.27e-04 CCCTACTCCC CGCCGCAG           
406                           9  6.27e-04   GCCCGCTC CGCCGCAG CGCCG     
293                           9  6.27e-04   TGCCCCTG CGCCGCAG AGCAA     
121                           6  6.27e-04      GGCCC CGCCGCAG CGCTGCGT  
58                            5  6.27e-04       CCTG CGCCGCAG CTACTGCCG 
494                           1  6.88e-04          . CCCTGCAG AGTACAGAGG
175                          11  6.88e-04 CCGCAGCTTC CCCTGCAG CCC       
78                           14  6.88e-04 GCACGAGGTA CCCTGCAG           
119                          13  7.29e-04 CCGTCAGGCC CGCAGCAG G         
104                           1  7.29e-04          . CGCAGCAG CCGCTCCTGG
34                            5  7.29e-04       TCCC CGCAGCAG CCGTGGGTT 
480                           9  7.63e-04   GGTGGGCG TGGTGCAG TCCGC     
40                            5  7.63e-04       GTTT TGGTGCAG TTTTGAGCG 
376                           5  8.59e-04       CTGC TACCGCAA TGCGTGAGG 
--------------------------------------------------------------------------------

--------------------------------------------------------------------------------
	Motif YRCTGCAG MEME-2 block diagrams
--------------------------------------------------------------------------------
SEQUENCE NAME            POSITION P-VALUE  MOTIF DIAGRAM
-------------            ----------------  -------------
447                                 8e-06  4_[+2]_9
267                                 8e-06  8_[+2]_5
221                                 8e-06  5_[+2]_8
400                               2.7e-05  13_[+2]
226                               2.7e-05  2_[+2]_11
206                               2.7e-05  10_[+2]_3
156                               2.7e-05  8_[+2]_5
256                               4.4e-05  13_[+2]
431                               8.5e-05  12_[+2]_1
167                               8.5e-05  13_[+2]
128                               8.5e-05  2_[+2]_11
547                               0.00011  1_[+2]_12
516                               0.00011  12_[+2]_1
477                               0.00011  2_[+2]_11
51                                0.00011  1_[+2]_12
550                               0.00019  10_[+2]_3
501                               0.00019  10_[+2]_3
449                               0.00019  1_[+2]_12
367                               0.00019  11_[+2]_2
353                               0.00019  5_[+2]_8
242                               0.00019  10_[+2]_3
197                               0.00019  4_[+2]_9
189                               0.00019  4_[+2]_9
45                                0.00019  5_[+2]_8
506                               0.00024  8_[+2]_5
393                               0.00024  9_[+2]_4
356                               0.00024  3_[+2]_10
33                                0.00028  10_[+2]_3
471                               0.00035  5_[+2]_8
365                               0.00035  4_[+2]_9
360                               0.00035  1_[+2]_12
324                               0.00035  6_[+2]_7
299                               0.00035  10_[+2]_3
283                               0.00035  8_[+2]_5
241                               0.00035  1_[+2]_12
166                               0.00035  10_[+2]_3
162                               0.00035  8_[+2]_5
113                               0.00035  6_[+2]_7
106                               0.00035  12_[+2]_1
340                               0.00051  4_[+2]_9
329                               0.00051  2_[+2]_11
272                               0.00051  3_[+2]_10
249                               0.00051  9_[+2]_4
168                               0.00051  5_[+2]_8
161                               0.00051  12_[+2]_1
152                               0.00051  9_[+2]_4
90                                0.00051  11_[+2]_2
390                               0.00052  1_[+2]_12
54                                0.00052  2_[+2]_11
414                               0.00053  3_[+2]_10
512                               0.00063  10_[+2]_3
407                               0.00063  13_[+2]
406                               0.00063  8_[+2]_5
293                               0.00063  8_[+2]_5
121                               0.00063  5_[+2]_8
58                                0.00063  4_[+2]_9
494                               0.00069  [+2]_13
175                               0.00069  10_[+2]_3
78                                0.00069  13_[+2]
119                               0.00073  12_[+2]_1
104                               0.00073  [+2]_13
34                                0.00073  4_[+2]_9
480                               0.00076  8_[+2]_5
40                                0.00076  4_[+2]_9
376                               0.00086  4_[+2]_9
--------------------------------------------------------------------------------

--------------------------------------------------------------------------------
	Motif YRCTGCAG MEME-2 in BLOCKS format
--------------------------------------------------------------------------------
BL   MOTIF YRCTGCAG width=8 seqs=65
447                      (    5) TACTGCAG  1 
267                      (    9) TACTGCAG  1 
221                      (    6) TACTGCAG  1 
400                      (   14) CACTGCAG  1 
226                      (    3) CACTGCAG  1 
206                      (   11) CACTGCAG  1 
156                      (    9) CACTGCAG  1 
256                      (   14) TGCTGCAG  1 
431                      (   13) CGCTGCAG  1 
167                      (   14) CGCTGCAG  1 
128                      (    3) CGCTGCAG  1 
547                      (    2) TACTGCAA  1 
516                      (   13) TACTGCGG  1 
477                      (    3) TACTGCGG  1 
51                       (    2) TACTGCAA  1 
550                      (   11) CACTGCGG  1 
501                      (   11) CACTGCGG  1 
449                      (    2) CACTGCGG  1 
367                      (   12) CACTGCGG  1 
353                      (    6) CACTGCGG  1 
242                      (   11) CACTGCGG  1 
197                      (    5) CACTGCGG  1 
189                      (    5) CACTGCGG  1 
45                       (    6) CACTGCGG  1 
506                      (    9) TGCTGCAA  1 
393                      (   10) TGCTGCGG  1 
356                      (    4) TGCTGCGG  1 
33                       (   11) CACCGCAG  1 
471                      (    6) CTCTGCAG  1 
365                      (    5) CATTGCAG  1 
360                      (    2) CATTGCAG  1 
324                      (    7) TGCCGCAG  1 
299                      (   11) TGCCGCAG  1 
283                      (    9) TGCCGCAG  1 
241                      (    2) CTCTGCAG  1 
166                      (   11) TGCCGCAG  1 
162                      (    9) TGCCGCAG  1 
113                      (    7) TGCCGCAG  1 
106                      (   13) CTCTGCAG  1 
340                      (    5) CGCTGCGG  1 
329                      (    3) TCCTGCAG  1 
272                      (    4) TGTTGCAG  1 
249                      (   10) CGCTGCGG  1 
168                      (    6) CGCTGCAA  1 
161                      (   13) CGCTGCGG  1 
152                      (   10) CGCTGCGG  1 
90                       (   12) CGCTGCGG  1 
390                      (    2) TGCAGCAG  1 
54                       (    3) TGCAGCAG  1 
414                      (    4) TAGTGCAG  1 
512                      (   11) CGCCGCAG  1 
407                      (   14) CGCCGCAG  1 
406                      (    9) CGCCGCAG  1 
293                      (    9) CGCCGCAG  1 
121                      (    6) CGCCGCAG  1 
58                       (    5) CGCCGCAG  1 
494                      (    1) CCCTGCAG  1 
175                      (   11) CCCTGCAG  1 
78                       (   14) CCCTGCAG  1 
119                      (   13) CGCAGCAG  1 
104                      (    1) CGCAGCAG  1 
34                       (    5) CGCAGCAG  1 
480                      (    9) TGGTGCAG  1 
40                       (    5) TGGTGCAG  1 
376                      (    5) TACCGCAA  1 
//

--------------------------------------------------------------------------------

--------------------------------------------------------------------------------
	Motif YRCTGCAG MEME-2 position-specific scoring matrix
--------------------------------------------------------------------------------
log-odds matrix: alength= 4 w= 8 n= 7700 bayes= 7.63286 E= 2.8e-011 
 -1267     78  -1267    133 
   132   -254     60   -173 
 -1267    134   -286   -173 
  -100    -74  -1267    221 
 -1267  -1267    158  -1267 
 -1267    148  -1267  -1267 
   223  -1267    -27  -1267 
  -100  -1267    146  -1267 
--------------------------------------------------------------------------------

--------------------------------------------------------------------------------
	Motif YRCTGCAG MEME-2 position-specific probability matrix
--------------------------------------------------------------------------------
letter-probability matrix: alength= 4 w= 8 nsites= 65 E= 2.8e-011 
 0.000000  0.615385  0.000000  0.384615 
 0.384615  0.061538  0.507692  0.046154 
 0.000000  0.907692  0.046154  0.046154 
 0.076923  0.215385  0.000000  0.707692 
 0.000000  0.000000  1.000000  0.000000 
 0.000000  1.000000  0.000000  0.000000 
 0.723077  0.000000  0.276923  0.000000 
 0.076923  0.000000  0.923077  0.000000 
--------------------------------------------------------------------------------

--------------------------------------------------------------------------------
	Motif YRCTGCAG MEME-2 regular expression
--------------------------------------------------------------------------------
[CT][GA]C[TC]GC[AG]G
--------------------------------------------------------------------------------




Time  6.79 secs.

********************************************************************************


********************************************************************************
MOTIF WCTACAAYTCCCAVW MEME-3	width =  15  sites =   6  llr = 95  E-value = 1.9e-002
********************************************************************************
--------------------------------------------------------------------------------
	Motif WCTACAAYTCCCAVW MEME-3 Description
--------------------------------------------------------------------------------
Simplified        A  7::8:87::2:2a37
pos.-specific     C  :7::a2:5:7a8:3:
probability       G  :::2::22:2:::3:
matrix            T  33a:::23a:::::3

         bits    2.7   *     *   *  
                 2.4   *     *   *  
                 2.2   *     *   *  
                 1.9 * ** *  *   * *
Relative         1.6 * ** *  *   * *
Entropy          1.4 * ***** * * * *
(22.9 bits)      1.1 ******* * *** *
                 0.8 ******* * *** *
                 0.5 ************* *
                 0.3 ***************
                 0.0 ---------------

Multilevel           ACTACAACTCCCAAA
consensus            TT     T     CT
sequence                          G 
                                    
--------------------------------------------------------------------------------

--------------------------------------------------------------------------------
	Motif WCTACAAYTCCCAVW MEME-3 sites sorted by position p-value
--------------------------------------------------------------------------------
Sequence name             Start   P-value                 Site    
-------------             ----- ---------            ---------------
164                           6  5.37e-09      GTGAA ACTACAACTCCCAGT G         
16                            1  8.36e-09          . ACTACATTTCCCACA ATCCCA    
233                           7  1.86e-08     CCGAGA ACTACAAGTCCCAGT           
115                           1  4.67e-08          . ACTACCACTCCCACA AGGCAC    
382                           6  6.79e-08      GCGCC TTTGCAATTACAAAA T         
178                           3  7.99e-08         TA TTTACAGCTGCCAAA TGCT      
--------------------------------------------------------------------------------

--------------------------------------------------------------------------------
	Motif WCTACAAYTCCCAVW MEME-3 block diagrams
--------------------------------------------------------------------------------
SEQUENCE NAME            POSITION P-VALUE  MOTIF DIAGRAM
-------------            ----------------  -------------
164                               5.4e-09  5_[+3]_1
16                                8.4e-09  [+3]_6
233                               1.9e-08  6_[+3]
115                               4.7e-08  [+3]_6
382                               6.8e-08  5_[+3]_1
178                                 8e-08  2_[+3]_4
--------------------------------------------------------------------------------

--------------------------------------------------------------------------------
	Motif WCTACAAYTCCCAVW MEME-3 in BLOCKS format
--------------------------------------------------------------------------------
BL   MOTIF WCTACAAYTCCCAVW width=15 seqs=6
164                      (    6) ACTACAACTCCCAGT  1 
16                       (    1) ACTACATTTCCCACA  1 
233                      (    7) ACTACAAGTCCCAGT  1 
115                      (    1) ACTACCACTCCCACA  1 
382                      (    6) TTTGCAATTACAAAA  1 
178                      (    3) TTTACAGCTGCCAAA  1 
//

--------------------------------------------------------------------------------

--------------------------------------------------------------------------------
	Motif WCTACAAYTCCCAVW MEME-3 position-specific scoring matrix
--------------------------------------------------------------------------------
log-odds matrix: alength= 4 w= 15 n= 3850 bayes= 9.77149 E= 1.9e-002 
   211   -923   -923    113 
  -923     89   -923    113 
  -923   -923   -923    271 
   244   -923   -100   -923 
  -923    148   -923   -923 
   244   -110   -923   -923 
   211   -923   -100     13 
  -923     48   -100    113 
  -923   -923   -923    271 
    12     89   -100   -923 
  -923    148   -923   -923 
    12    122   -923   -923 
   270   -923   -923   -923 
   111    -11     -1   -923 
   211   -923   -923    113 
--------------------------------------------------------------------------------

--------------------------------------------------------------------------------
	Motif WCTACAAYTCCCAVW MEME-3 position-specific probability matrix
--------------------------------------------------------------------------------
letter-probability matrix: alength= 4 w= 15 nsites= 6 E= 1.9e-002 
 0.666667  0.000000  0.000000  0.333333 
 0.000000  0.666667  0.000000  0.333333 
 0.000000  0.000000  0.000000  1.000000 
 0.833333  0.000000  0.166667  0.000000 
 0.000000  1.000000  0.000000  0.000000 
 0.833333  0.166667  0.000000  0.000000 
 0.666667  0.000000  0.166667  0.166667 
 0.000000  0.500000  0.166667  0.333333 
 0.000000  0.000000  0.000000  1.000000 
 0.166667  0.666667  0.166667  0.000000 
 0.000000  1.000000  0.000000  0.000000 
 0.166667  0.833333  0.000000  0.000000 
 1.000000  0.000000  0.000000  0.000000 
 0.333333  0.333333  0.333333  0.000000 
 0.666667  0.000000  0.000000  0.333333 
--------------------------------------------------------------------------------

--------------------------------------------------------------------------------
	Motif WCTACAAYTCCCAVW MEME-3 regular expression
--------------------------------------------------------------------------------
[AT][CT]TACAA[CT]TCCCA[ACG][AT]
--------------------------------------------------------------------------------




Time  8.11 secs.

********************************************************************************


********************************************************************************
MOTIF WKMVAWTKKAA MEME-4	width =  11  sites =   9  llr = 105  E-value = 3.4e-002
********************************************************************************
--------------------------------------------------------------------------------
	Motif WKMVAWTKKAA MEME-4 Description
--------------------------------------------------------------------------------
Simplified        A  6:43931:1a8
pos.-specific     C  ::42:::::::
probability       G  :3:3:::64::
matrix            T  471117944:2

         bits    2.7          * 
                 2.4          * 
                 2.2     * *  * 
                 1.9     ***  **
Relative         1.6 *   ***  **
Entropy          1.4 **  ***  **
(16.8 bits)      1.1 **  **** **
                 0.8 *** *******
                 0.5 *** *******
                 0.3 ***********
                 0.0 -----------

Multilevel           ATAAATTGGAA
consensus            TGCG A TT T
sequence                C       
                                
--------------------------------------------------------------------------------

--------------------------------------------------------------------------------
	Motif WKMVAWTKKAA MEME-4 sites sorted by position p-value
--------------------------------------------------------------------------------
Sequence name             Start   P-value               Site  
-------------             ----- ---------            -----------
158                           4  2.57e-07        TGG ATAGATTTAAA GATTTCG   
462                           9  8.25e-07   GGTACGGA ATAGAATGGAA TG        
212                           2  9.26e-07          G AGCAATTGTAA ATGCTATGC 
17                           11  9.26e-07 TGGAATCATC ATCAAATGGAA           
422                           9  2.92e-06   GTGTACTT TGATATTTTAT GT        
410                           1  3.36e-06          . TTACATAGTAA TCTGAGATGC
21                            2  4.01e-06          A ATTGAATGGAA TGGTCATCG 
18                            2  4.01e-06          A TTCCATTTGAT GAGGATTAC 
202                           2  5.46e-06          C TGCATTTTTAA CCCTTGTTT 
--------------------------------------------------------------------------------

--------------------------------------------------------------------------------
	Motif WKMVAWTKKAA MEME-4 block diagrams
--------------------------------------------------------------------------------
SEQUENCE NAME            POSITION P-VALUE  MOTIF DIAGRAM
-------------            ----------------  -------------
158                               2.6e-07  3_[+4]_7
462                               8.2e-07  8_[+4]_2
212                               9.3e-07  1_[+4]_9
17                                9.3e-07  10_[+4]
422                               2.9e-06  8_[+4]_2
410                               3.4e-06  [+4]_10
21                                  4e-06  1_[+4]_9
18                                  4e-06  1_[+4]_9
202                               5.5e-06  1_[+4]_9
--------------------------------------------------------------------------------

--------------------------------------------------------------------------------
	Motif WKMVAWTKKAA MEME-4 in BLOCKS format
--------------------------------------------------------------------------------
BL   MOTIF WKMVAWTKKAA width=11 seqs=9
158                      (    4) ATAGATTTAAA  1 
462                      (    9) ATAGAATGGAA  1 
212                      (    2) AGCAATTGTAA  1 
17                       (   11) ATCAAATGGAA  1 
422                      (    9) TGATATTTTAT  1 
410                      (    1) TTACATAGTAA  1 
21                       (    2) ATTGAATGGAA  1 
18                       (    2) TTCCATTTGAT  1 
202                      (    2) TGCATTTTTAA  1 
//

--------------------------------------------------------------------------------

--------------------------------------------------------------------------------
	Motif WKMVAWTKKAA MEME-4 position-specific scoring matrix
--------------------------------------------------------------------------------
log-odds matrix: alength= 4 w= 11 n= 6050 bayes= 10.2396 E= 3.4e-002 
   185   -982   -982    154 
  -982   -982     -1    213 
   153     31   -982    -46 
   112    -69     -1    -46 
   253   -982   -982    -46 
   112   -982   -982    213 
   -47   -982   -982    254 
  -982   -982     73    154 
   -47   -982     41    154 
   270   -982   -982   -982 
   234   -982   -982     54 
--------------------------------------------------------------------------------

--------------------------------------------------------------------------------
	Motif WKMVAWTKKAA MEME-4 position-specific probability matrix
--------------------------------------------------------------------------------
letter-probability matrix: alength= 4 w= 11 nsites= 9 E= 3.4e-002 
 0.555556  0.000000  0.000000  0.444444 
 0.000000  0.000000  0.333333  0.666667 
 0.444444  0.444444  0.000000  0.111111 
 0.333333  0.222222  0.333333  0.111111 
 0.888889  0.000000  0.000000  0.111111 
 0.333333  0.000000  0.000000  0.666667 
 0.111111  0.000000  0.000000  0.888889 
 0.000000  0.000000  0.555556  0.444444 
 0.111111  0.000000  0.444444  0.444444 
 1.000000  0.000000  0.000000  0.000000 
 0.777778  0.000000  0.000000  0.222222 
--------------------------------------------------------------------------------

--------------------------------------------------------------------------------
	Motif WKMVAWTKKAA MEME-4 regular expression
--------------------------------------------------------------------------------
[AT][TG][AC][AGC]A[TA]T[GT][GT]A[AT]
--------------------------------------------------------------------------------




Time  9.43 secs.

********************************************************************************


********************************************************************************
MOTIF GCASTGCG MEME-5	width =   8  sites =  13  llr = 121  E-value = 4.0e+001
********************************************************************************
--------------------------------------------------------------------------------
	Motif GCASTGCG MEME-5 Description
--------------------------------------------------------------------------------
Simplified        A  ::a2::::
pos.-specific     C  :a:3::a:
probability       G  a::5:a:a
matrix            T  ::::a:::

         bits    2.7   * *   
                 2.4   * *   
                 2.2   * *   
                 1.9   * *   
Relative         1.6 * * ** *
Entropy          1.4 *** ****
(13.4 bits)      1.1 *** ****
                 0.8 *** ****
                 0.5 *** ****
                 0.3 ********
                 0.0 --------

Multilevel           GCAGTGCG
consensus               C    
sequence                     
                             
--------------------------------------------------------------------------------

--------------------------------------------------------------------------------
	Motif GCASTGCG MEME-5 sites sorted by position p-value
--------------------------------------------------------------------------------
Sequence name             Start   P-value              Site
-------------             ----- ---------            --------
491                           9  3.82e-05   ATGCGCCC GCAGTGCG CACCG     
483                           2  3.82e-05          C GCAGTGCG CACGCTCCGA
478                           5  3.82e-05       TGCG GCAGTGCG CCAGAGACT 
361                           1  3.82e-05          . GCAGTGCG CCCTCCCTGC
339                           4  3.82e-05        CCC GCAGTGCG GTCTGGGGGC
154                          12  3.82e-05 GCTGGAGACT GCAGTGCG GG        
36                            5  3.82e-05       TTGC GCAGTGCG TGCTTAATG 
402                          13  5.58e-05 GGCGAACCGC GCAATGCG C         
216                           5  5.58e-05       ACCC GCAATGCG GAAGGGCGA 
431                           3  9.68e-05         CA GCACTGCG GTCGCTGCAG
309                           8  9.68e-05    CGACGGG GCACTGCG TCGTCA    
220                          14  9.68e-05 GGAGGGGTCC GCACTGCG           
195                          12  9.68e-05 ACGCCTGCGC GCACTGCG CC        
--------------------------------------------------------------------------------

--------------------------------------------------------------------------------
	Motif GCASTGCG MEME-5 block diagrams
--------------------------------------------------------------------------------
SEQUENCE NAME            POSITION P-VALUE  MOTIF DIAGRAM
-------------            ----------------  -------------
491                               3.8e-05  8_[+5]_5
483                               3.8e-05  1_[+5]_12
478                               3.8e-05  4_[+5]_9
361                               3.8e-05  [+5]_13
339                               3.8e-05  3_[+5]_10
154                               3.8e-05  11_[+5]_2
36                                3.8e-05  4_[+5]_9
402                               5.6e-05  12_[+5]_1
216                               5.6e-05  4_[+5]_9
431                               9.7e-05  2_[+5]_11
309                               9.7e-05  7_[+5]_6
220                               9.7e-05  13_[+5]
195                               9.7e-05  11_[+5]_2
--------------------------------------------------------------------------------

--------------------------------------------------------------------------------
	Motif GCASTGCG MEME-5 in BLOCKS format
--------------------------------------------------------------------------------
BL   MOTIF GCASTGCG width=8 seqs=13
491                      (    9) GCAGTGCG  1 
483                      (    2) GCAGTGCG  1 
478                      (    5) GCAGTGCG  1 
361                      (    1) GCAGTGCG  1 
339                      (    4) GCAGTGCG  1 
154                      (   12) GCAGTGCG  1 
36                       (    5) GCAGTGCG  1 
402                      (   13) GCAATGCG  1 
216                      (    5) GCAATGCG  1 
431                      (    3) GCACTGCG  1 
309                      (    8) GCACTGCG  1 
220                      (   14) GCACTGCG  1 
195                      (   12) GCACTGCG  1 
//

--------------------------------------------------------------------------------

--------------------------------------------------------------------------------
	Motif GCASTGCG MEME-5 position-specific scoring matrix
--------------------------------------------------------------------------------
log-odds matrix: alength= 4 w= 8 n= 7700 bayes= 8.9629 E= 4.0e+001 
 -1035  -1035    158  -1035 
 -1035    148  -1035  -1035 
   270  -1035  -1035  -1035 
     0    -22     68  -1035 
 -1035  -1035  -1035    271 
 -1035  -1035    158  -1035 
 -1035    148  -1035  -1035 
 -1035  -1035    158  -1035 
--------------------------------------------------------------------------------

--------------------------------------------------------------------------------
	Motif GCASTGCG MEME-5 position-specific probability matrix
--------------------------------------------------------------------------------
letter-probability matrix: alength= 4 w= 8 nsites= 13 E= 4.0e+001 
 0.000000  0.000000  1.000000  0.000000 
 0.000000  1.000000  0.000000  0.000000 
 1.000000  0.000000  0.000000  0.000000 
 0.153846  0.307692  0.538462  0.000000 
 0.000000  0.000000  0.000000  1.000000 
 0.000000  0.000000  1.000000  0.000000 
 0.000000  1.000000  0.000000  0.000000 
 0.000000  0.000000  1.000000  0.000000 
--------------------------------------------------------------------------------

--------------------------------------------------------------------------------
	Motif GCASTGCG MEME-5 regular expression
--------------------------------------------------------------------------------
GCA[GC]TGCG
--------------------------------------------------------------------------------




Time 10.78 secs.

********************************************************************************


********************************************************************************
MOTIF ATDATTCATGA MEME-6	width =  11  sites =   4  llr = 57  E-value = 1.0e+002
********************************************************************************
--------------------------------------------------------------------------------
	Motif ATDATTCATGA MEME-6 Description
--------------------------------------------------------------------------------
Simplified        A  833a3::8::8
pos.-specific     C  ::::::8::::
probability       G  ::3::::3:a3
matrix            T  385:8a3:a::

         bits    2.7    * *  *  
                 2.4    * *  *  
                 2.2    * *  *  
                 1.9 ** ***  *  
Relative         1.6 ** *** ****
Entropy          1.4 ** *** ****
(20.5 bits)      1.1 ** ********
                 0.8 ***********
                 0.5 ***********
                 0.3 ***********
                 0.0 -----------

Multilevel           ATTATTCATGA
consensus            TAA A TG  G
sequence               G        
                                
--------------------------------------------------------------------------------

--------------------------------------------------------------------------------
	Motif ATDATTCATGA MEME-6 sites sorted by position p-value
--------------------------------------------------------------------------------
Sequence name             Start   P-value               Site  
-------------             ----- ---------            -----------
144                           9  3.33e-08   GCATCGTG AATATTCATGA CA        
277                           4  5.30e-08        TGG ATGATTCATGA CTCTGCT   
487                           1  3.61e-07          . TTTATTTATGG TCTGTTTCTG
31                            7  5.59e-07     GGCCCC ATAAATCGTGA GAGC      
--------------------------------------------------------------------------------

--------------------------------------------------------------------------------
	Motif ATDATTCATGA MEME-6 block diagrams
--------------------------------------------------------------------------------
SEQUENCE NAME            POSITION P-VALUE  MOTIF DIAGRAM
-------------            ----------------  -------------
144                               3.3e-08  8_[+6]_2
277                               5.3e-08  3_[+6]_7
487                               3.6e-07  [+6]_10
31                                5.6e-07  6_[+6]_4
--------------------------------------------------------------------------------

--------------------------------------------------------------------------------
	Motif ATDATTCATGA MEME-6 in BLOCKS format
--------------------------------------------------------------------------------
BL   MOTIF ATDATTCATGA width=11 seqs=4
144                      (    9) AATATTCATGA  1 
277                      (    4) ATGATTCATGA  1 
487                      (    1) TTTATTTATGG  1 
31                       (    7) ATAAATCGTGA  1 
//

--------------------------------------------------------------------------------

--------------------------------------------------------------------------------
	Motif ATDATTCATGA MEME-6 position-specific scoring matrix
--------------------------------------------------------------------------------
log-odds matrix: alength= 4 w= 11 n= 6050 bayes= 11.2991 E= 1.0e+002 
   228   -865   -865     71 
    70   -865   -865    229 
    70   -865    -42    171 
   270   -865   -865   -865 
    70   -865   -865    229 
  -865   -865   -865    271 
  -865    106   -865     71 
   228   -865    -42   -865 
  -865   -865   -865    271 
  -865   -865    158   -865 
   228   -865    -42   -865 
--------------------------------------------------------------------------------

--------------------------------------------------------------------------------
	Motif ATDATTCATGA MEME-6 position-specific probability matrix
--------------------------------------------------------------------------------
letter-probability matrix: alength= 4 w= 11 nsites= 4 E= 1.0e+002 
 0.750000  0.000000  0.000000  0.250000 
 0.250000  0.000000  0.000000  0.750000 
 0.250000  0.000000  0.250000  0.500000 
 1.000000  0.000000  0.000000  0.000000 
 0.250000  0.000000  0.000000  0.750000 
 0.000000  0.000000  0.000000  1.000000 
 0.000000  0.750000  0.000000  0.250000 
 0.750000  0.000000  0.250000  0.000000 
 0.000000  0.000000  0.000000  1.000000 
 0.000000  0.000000  1.000000  0.000000 
 0.750000  0.000000  0.250000  0.000000 
--------------------------------------------------------------------------------

--------------------------------------------------------------------------------
	Motif ATDATTCATGA MEME-6 regular expression
--------------------------------------------------------------------------------
[AT][TA][TAG]A[TA]T[CT][AG]TG[AG]
--------------------------------------------------------------------------------




Time 12.06 secs.

********************************************************************************


********************************************************************************
SUMMARY OF MOTIFS
********************************************************************************

--------------------------------------------------------------------------------
	Combined block diagrams: non-overlapping sites with p-value < 0.0001
--------------------------------------------------------------------------------
SEQUENCE NAME            COMBINED P-VALUE  MOTIF DIAGRAM
-------------            ----------------  -------------
1                                8.72e-01  21
2                                9.18e-01  21
3                                4.15e-01  21
4                                9.51e-01  21
5                                5.98e-01  21
6                                3.55e-01  21
7                                8.57e-01  21
8                                1.60e-02  21
9                                2.09e-02  21
10                               7.95e-01  21
11                               1.49e-02  21
12                               2.31e-01  21
13                               9.94e-01  21
14                               1.73e-01  21
15                               1.41e-01  21
16                               2.56e-07  [+3(8.36e-09)]_6
17                               3.50e-05  10_[+4(9.26e-07)]
18                               5.81e-05  1_[+4(4.01e-06)]_9
19                               7.97e-06  6_[+1(1.92e-08)]
20                               2.93e-06  4_[+1(4.87e-09)]_2
21                               3.59e-04  1_[+4(4.01e-06)]_9
22                               2.26e-01  21
23                               2.56e-01  21
24                               3.52e-01  21
25                               4.52e-02  21
26                               1.83e-01  21
27                               1.02e-01  21
28                               6.73e-01  21
29                               4.44e-01  21
30                               1.66e-01  21
31                               8.06e-05  6_[+6(5.59e-07)]_4
32                               4.43e-01  21
33                               7.96e-02  21
34                               7.64e-02  21
35                               9.54e-01  21
36                               1.72e-03  4_[+5(3.82e-05)]_9
37                               4.13e-01  21
38                               8.41e-01  21
39                               4.82e-01  21
40                               5.15e-05  21
41                               3.66e-01  21
42                               9.05e-01  21
43                               6.09e-01  21
44                               2.40e-01  21
45                               1.48e-02  21
46                               8.07e-01  21
47                               4.17e-01  21
48                               3.69e-01  21
49                               6.59e-02  21
50                               6.81e-01  21
51                               3.74e-04  21
52                               1.00e+00  21
53                               3.65e-01  21
54                               4.22e-02  21
55                               3.74e-01  21
56                               9.57e-01  21
57                               6.62e-01  21
58                               1.19e-01  21
59                               9.81e-01  21
60                               3.82e-03  21
61                               7.98e-01  21
62                               9.92e-01  21
63                               8.49e-01  21
64                               9.69e-01  21
65                               8.82e-01  21
66                               9.31e-01  21
67                               6.74e-03  21
68                               8.20e-01  21
69                               8.64e-01  21
70                               8.05e-01  21
71                               8.86e-02  21
72                               4.74e-01  21
73                               6.69e-02  21
74                               3.96e-01  21
75                               5.57e-01  21
76                               6.46e-03  21
77                               1.62e-01  21
78                               2.62e-01  21
79                               8.15e-01  21
80                               4.24e-01  21
81                               5.28e-02  21
82                               6.69e-01  21
83                               3.22e-01  21
84                               6.64e-03  21
85                               4.30e-01  21
86                               3.23e-01  21
87                               6.70e-01  21
88                               7.92e-01  21
89                               9.78e-01  21
90                               1.09e-01  21
91                               2.90e-01  21
92                               1.79e-02  21
93                               9.31e-01  21
94                               9.36e-01  21
95                               9.01e-01  21
96                               9.83e-01  21
97                               9.95e-01  21
98                               8.31e-01  21
99                               9.25e-01  21
100                              1.71e-01  21
101                              6.61e-01  21
102                              5.84e-01  21
103                              7.10e-01  21
104                              3.18e-01  21
105                              9.29e-01  21
106                              2.35e-01  21
107                              7.37e-01  21
108                              4.37e-01  21
109                              8.19e-01  21
110                              9.97e-01  21
111                              7.46e-01  21
112                              6.14e-01  21
113                              1.96e-02  21
114                              9.63e-01  21
115                              4.58e-04  [+3(4.67e-08)]_6
116                              1.31e-01  21
117                              2.93e-01  21
118                              8.27e-01  21
119                              2.25e-01  21
120                              8.18e-01  21
121                              1.16e-01  21
122                              1.13e-01  21
123                              9.82e-01  21
124                              9.33e-01  21
125                              9.03e-02  21
126                              6.94e-01  21
127                              1.72e-01  21
128                              8.15e-02  2_[+2(8.53e-05)]_11
129                              8.98e-01  21
130                              8.47e-01  21
131                              1.37e-01  21
132                              5.71e-01  21
133                              9.58e-01  21
134                              5.90e-01  21
135                              3.11e-01  21
136                              1.47e-01  21
137                              7.86e-01  21
138                              5.21e-03  21
139                              9.34e-02  21
140                              1.44e-01  21
141                              6.78e-01  21
142                              2.56e-01  21
143                              9.59e-02  21
144                              9.12e-07  8_[+6(3.33e-08)]_2
145                              6.10e-02  21
146                              5.47e-01  21
147                              7.14e-01  21
148                              4.10e-01  21
149                              9.00e-01  21
150                              7.50e-01  21
151                              9.62e-01  21
152                              1.02e-01  21
153                              9.07e-01  21
154                              4.51e-03  11_[+5(3.82e-05)]_2
155                              9.88e-01  21
156                              2.68e-03  8_[+2(2.69e-05)]_5
157                              9.73e-01  21
158                              1.49e-05  3_[+4(2.57e-07)]_7
159                              7.29e-01  21
160                              3.13e-01  21
161                              7.33e-02  21
162                              6.69e-03  21
163                              7.61e-01  21
164                              9.06e-06  5_[+3(5.37e-09)]_1
165                              7.03e-01  21
166                              7.83e-02  21
167                              8.21e-02  13_[+2(8.53e-05)]
168                              1.78e-02  21
169                              5.52e-01  21
170                              3.77e-01  21
171                              4.97e-01  21
172                              1.96e-01  21
173                              5.24e-01  21
174                              8.51e-01  21
175                              1.18e-01  21
176                              9.82e-01  21
177                              4.96e-01  21
178                              2.24e-06  2_[+3(7.99e-08)]_4
179                              2.88e-01  21
180                              5.07e-01  21
181                              8.86e-01  21
182                              9.92e-01  21
183                              9.99e-01  21
184                              7.42e-01  21
185                              8.56e-01  21
186                              6.66e-01  21
187                              8.07e-01  21
188                              8.46e-01  21
189                              1.69e-03  21
190                              8.75e-01  21
191                              1.81e-01  21
192                              5.05e-03  21
193                              5.28e-02  21
194                              9.96e-01  21
195                              5.55e-02  11_[+5(9.68e-05)]_2
196                              1.83e-01  21
197                              8.33e-04  3_[+5(9.68e-05)]_10
198                              7.78e-01  21
199                              8.82e-01  21
200                              6.01e-01  21
201                              4.02e-01  21
202                              7.49e-04  1_[+4(5.46e-06)]_9
203                              2.48e-01  21
204                              1.43e-01  21
205                              9.54e-01  21
206                              4.86e-04  10_[+2(2.69e-05)]_3
207                              7.44e-01  21
208                              8.00e-01  21
209                              1.45e-01  21
210                              9.87e-01  21
211                              6.06e-01  21
212                              9.17e-05  1_[+4(9.26e-07)]_9
213                              9.98e-01  21
214                              3.73e-02  21
215                              2.14e-01  21
216                              2.40e-02  4_[+5(5.58e-05)]_9
217                              9.61e-01  21
218                              3.38e-01  21
219                              9.29e-01  21
220                              1.48e-01  13_[+5(9.68e-05)]
221                              1.50e-05  5_[+2(8.03e-06)]_8
222                              1.43e-01  21
223                              9.04e-02  21
224                              2.75e-01  21
225                              2.28e-01  21
226                              2.42e-03  2_[+2(2.69e-05)]_11
227                              9.81e-01  21
228                              4.54e-01  21
229                              4.66e-01  21
230                              6.59e-01  21
231                              9.97e-01  21
232                              3.75e-01  21
233                              1.03e-05  6_[+3(1.86e-08)]
234                              2.46e-03  21
235                              5.29e-01  21
236                              4.75e-01  21
237                              3.49e-01  21
238                              8.44e-01  21
239                              9.53e-01  21
240                              3.58e-01  21
241                              1.14e-02  21
242                              2.24e-02  21
243                              2.71e-01  21
244                              1.94e-02  21
245                              6.87e-01  21
246                              7.10e-01  21
247                              9.68e-01  21
248                              8.75e-01  21
249                              1.44e-01  21
250                              7.52e-01  21
251                              3.53e-01  21
252                              2.24e-01  21
253                              8.24e-01  21
254                              9.68e-01  21
255                              8.98e-01  21
256                              3.20e-03  13_[+2(4.43e-05)]
257                              8.97e-01  21
258                              5.66e-01  21
259                              4.23e-01  21
260                              9.69e-01  21
261                              5.73e-01  21
262                              5.31e-02  21
263                              3.83e-01  21
264                              5.31e-01  21
265                              9.48e-01  21
266                              7.57e-01  21
267                              8.41e-04  8_[+2(8.03e-06)]_5
268                              3.69e-01  21
269                              3.64e-04  21
270                              9.61e-01  21
271                              8.71e-01  21
272                              1.33e-01  21
273                              9.99e-01  21
274                              9.87e-01  21
275                              7.10e-01  21
276                              9.27e-01  21
277                              7.35e-05  3_[+6(5.30e-08)]_7
278                              1.93e-01  21
279                              5.61e-01  21
280                              2.38e-01  21
281                              1.42e-02  21
282                              6.37e-01  21
283                              9.75e-03  21
284                              8.69e-01  21
285                              9.41e-01  21
286                              8.89e-02  21
287                              7.44e-01  21
288                              1.47e-01  21
289                              6.62e-01  21
290                              9.54e-01  21
291                              8.42e-01  21
292                              8.41e-01  21
293                              1.43e-01  21
294                              9.14e-01  21
295                              2.17e-01  21
296                              2.49e-02  21
297                              3.79e-01  21
298                              2.77e-01  21
299                              9.54e-03  21
300                              9.58e-01  21
301                              3.57e-01  21
302                              4.22e-01  21
303                              9.70e-01  21
304                              5.68e-01  21
305                              8.03e-01  21
306                              7.16e-01  21
307                              1.67e-01  21
308                              3.98e-01  21
309                              3.68e-02  7_[+5(9.68e-05)]_6
310                              1.05e-01  21
311                              8.69e-01  21
312                              1.81e-01  21
313                              8.60e-01  21
314                              9.11e-01  21
315                              8.52e-01  21
316                              7.47e-01  21
317                              4.14e-01  21
318                              8.99e-01  21
319                              2.75e-01  21
320                              1.19e-01  21
321                              4.17e-01  21
322                              4.24e-02  21
323                              9.27e-01  21
324                              1.89e-01  21
325                              9.92e-01  21
326                              7.33e-01  21
327                              2.50e-01  21
328                              7.89e-01  21
329                              5.72e-02  21
330                              7.64e-01  21
331                              2.69e-03  21
332                              5.60e-01  21
333                              9.14e-01  21
334                              9.08e-01  21
335                              1.45e-01  21
336                              5.75e-01  21
337                              2.92e-01  21
338                              5.38e-01  21
339                              1.23e-02  3_[+5(3.82e-05)]_10
340                              1.15e-01  21
341                              4.10e-01  21
342                              9.18e-01  21
343                              7.31e-01  21
344                              7.55e-01  21
345                              3.58e-01  21
346                              8.89e-01  21
347                              8.76e-02  21
348                              1.41e-02  21
349                              1.12e-01  21
350                              2.16e-01  21
351                              6.26e-01  21
352                              5.27e-01  21
353                              1.19e-02  21
354                              9.83e-01  21
355                              6.96e-01  21
356                              6.55e-02  21
357                              4.80e-01  21
358                              9.66e-01  21
359                              4.84e-01  21
360                              5.01e-05  21
361                              4.64e-02  [+5(3.82e-05)]_13
362                              4.31e-01  21
363                              3.26e-01  21
364                              9.58e-01  21
365                              3.70e-03  21
366                              6.29e-01  21
367                              5.83e-03  21
368                              9.63e-02  21
369                              6.86e-02  21
370                              9.89e-01  21
371                              3.69e-01  21
372                              5.71e-02  21
373                              6.04e-01  21
374                              3.99e-01  21
375                              7.20e-01  21
376                              2.05e-04  8_[+5(5.58e-05)]_5
377                              7.51e-01  21
378                              8.88e-01  21
379                              2.84e-01  21
380                              7.68e-01  21
381                              8.25e-01  21
382                              6.43e-08  5_[+3(6.79e-08)]_1
383                              9.91e-01  21
384                              5.50e-01  21
385                              9.98e-01  21
386                              8.96e-01  21
387                              5.31e-01  21
388                              7.66e-01  21
389                              2.64e-01  21
390                              5.04e-04  21
391                              1.98e-01  21
392                              6.67e-01  21
393                              1.46e-01  21
394                              7.52e-01  21
395                              3.86e-02  21
396                              4.80e-01  21
397                              6.94e-01  21
398                              8.40e-02  21
399                              8.11e-01  21
400                              1.51e-03  13_[+2(2.69e-05)]
401                              9.39e-01  21
402                              4.56e-02  12_[+5(5.58e-05)]_1
403                              1.42e-01  21
404                              9.90e-01  21
405                              8.11e-01  21
406                              7.64e-02  21
407                              1.51e-01  21
408                              4.87e-01  21
409                              4.80e-01  21
410                              2.09e-04  [+4(3.36e-06)]_10
411                              1.04e-01  21
412                              9.30e-01  21
413                              5.62e-02  21
414                              5.88e-02  21
415                              8.34e-02  21
416                              4.86e-01  21
417                              6.42e-01  21
418                              9.21e-01  21
419                              4.86e-01  21
420                              7.59e-01  21
421                              5.47e-02  21
422                              4.95e-06  8_[+4(2.92e-06)]_2
423                              4.69e-01  21
424                              4.41e-01  21
425                              9.15e-01  21
426                              9.64e-01  21
427                              9.94e-01  21
428                              8.36e-01  21
429                              8.27e-01  21
430                              5.86e-01  21
431                              4.03e-04  2_[+5(9.68e-05)]_2_[+2(8.53e-05)]_1
432                              9.94e-01  21
433                              7.72e-01  21
434                              8.53e-02  21
435                              9.52e-01  21
436                              3.29e-02  21
437                              5.80e-01  21
438                              6.36e-01  21
439                              8.31e-01  21
440                              9.12e-01  21
441                              3.66e-01  21
442                              7.22e-02  21
443                              5.93e-01  21
444                              2.33e-01  21
445                              1.50e-01  21
446                              9.54e-01  21
447                              4.02e-04  4_[+2(8.03e-06)]_9
448                              7.51e-01  21
449                              2.29e-02  21
450                              9.64e-01  21
451                              6.52e-01  21
452                              9.34e-01  21
453                              6.23e-01  21
454                              9.61e-01  21
455                              9.25e-01  21
456                              2.78e-01  21
457                              9.89e-01  21
458                              4.97e-01  21
459                              2.13e-02  21
460                              4.75e-01  21
461                              3.25e-01  21
462                              2.88e-03  8_[+4(8.25e-07)]_2
463                              5.07e-07  4_[+1(2.30e-08)]_2
464                              8.55e-08  2_[+1(5.09e-10)]_4
465                              6.53e-08  3_[+1(1.00e-10)]_3
466                              2.39e-07  3_[+1(1.00e-10)]_3
467                              2.39e-07  4_[+1(1.00e-10)]_2
468                              3.51e-05  6_[+1(1.10e-08)]
469                              2.39e-07  2_[+1(1.00e-10)]_4
470                              2.39e-07  4_[+1(1.00e-10)]_2
471                              7.18e-02  21
472                              3.97e-01  21
473                              6.10e-01  21
474                              4.17e-01  21
475                              5.29e-01  21
476                              9.55e-01  21
477                              1.84e-02  21
478                              1.73e-02  4_[+5(3.82e-05)]_9
479                              8.51e-01  21
480                              2.84e-02  21
481                              8.30e-01  21
482                              4.64e-01  21
483                              2.54e-02  1_[+5(3.82e-05)]_12
484                              9.70e-01  21
485                              5.26e-02  21
486                              1.41e-01  21
487                              4.36e-05  [+6(3.61e-07)]_10
488                              2.87e-01  21
489                              8.81e-01  21
490                              6.88e-01  21
491                              4.62e-02  8_[+5(3.82e-05)]_5
492                              7.17e-01  21
493                              9.91e-01  21
494                              8.66e-02  21
495                              4.76e-01  21
496                              5.53e-01  21
497                              4.83e-01  21
498                              6.18e-01  21
499                              9.81e-01  21
500                              6.48e-01  21
501                              5.86e-03  9_[+5(9.68e-05)]_4
502                              9.88e-01  21
503                              8.71e-01  21
504                              7.60e-01  21
505                              1.16e-01  21
506                              5.61e-04  12_[+5(5.58e-05)]_1
507                              2.95e-01  21
508                              9.30e-01  21
509                              8.04e-01  21
510                              9.55e-01  21
511                              6.67e-01  21
512                              2.27e-01  21
513                              8.06e-01  21
514                              5.96e-01  21
515                              9.54e-01  21
516                              1.15e-02  21
517                              3.82e-01  21
518                              9.61e-01  21
519                              8.33e-01  21
520                              6.90e-03  21
521                              1.97e-01  21
522                              1.78e-01  21
523                              9.62e-01  21
524                              2.25e-01  21
525                              8.51e-01  21
526                              8.49e-01  21
527                              8.70e-01  21
528                              4.72e-01  21
529                              9.74e-01  21
530                              5.04e-01  21
531                              8.14e-01  21
532                              6.21e-01  21
533                              5.13e-01  21
534                              7.23e-01  21
535                              7.34e-01  21
536                              3.65e-01  21
537                              7.12e-01  21
538                              4.94e-01  21
539                              9.44e-01  21
540                              4.69e-01  21
541                              5.12e-01  21
542                              4.34e-02  21
543                              5.71e-01  21
544                              9.45e-01  21
545                              9.99e-01  21
546                              8.27e-01  21
547                              9.95e-05  21
548                              2.95e-02  21
549                              9.66e-01  21
550                              2.88e-02  21
--------------------------------------------------------------------------------

********************************************************************************


********************************************************************************
Stopped because requested number of motifs (6) found.
********************************************************************************

CPU: fedora

********************************************************************************
