********************************************************************************
MEME - Motif discovery tool
********************************************************************************
MEME version 5.5.5 (Release date: Thu Sep 14 08:48:04 2023 +1000)

For further information on how to interpret these results please access https://meme-suite.org/meme.
To get a copy of the MEME Suite software please access https://meme-suite.org.

********************************************************************************


********************************************************************************
REFERENCE
********************************************************************************
If you use this program in your research, please cite:

Timothy L. Bailey and Charles Elkan,
"Fitting a mixture model by expectation maximization to
discover motifs in biopolymers",
Proceedings of the Second International Conference on Intelligent Systems
for Molecular Biology, pp. 28-36, AAAI Press, Menlo Park, California, 1994.
********************************************************************************


********************************************************************************
TRAINING SET
********************************************************************************
PRIMARY SEQUENCES= meme_comparison/data/tmp_memedir_fin/FALSE_TRUE_FALSE_5_NA_NA_TRUE_53_98/MSANTD1.fasta
CONTROL SEQUENCES= --none--
ALPHABET= ACGT
Sequence name            Weight Length  Sequence name            Weight Length  
-------------            ------ ------  -------------            ------ ------  
14616                    1.0000     11  14617                    1.0000     11  
14618                    1.0000     11  14619                    1.0000     11  
14620                    1.0000     11  14621                    1.0000     11  
14622                    1.0000     11  14623                    1.0000     11  
14624                    1.0000     11  14625                    1.0000     11  
14626                    1.0000     11  14627                    1.0000     11  
14628                    1.0000     11  14629                    1.0000     11  
14630                    1.0000     11  14631                    1.0000     11  
14632                    1.0000     11  14633                    1.0000     11  
14634                    1.0000     11  14635                    1.0000     11  
14636                    1.0000     11  14637                    1.0000     11  
14638                    1.0000     11  14639                    1.0000     11  
14640                    1.0000     11  14641                    1.0000     11  
14642                    1.0000     11  14643                    1.0000     11  
14644                    1.0000     11  14645                    1.0000     11  
14646                    1.0000     11  14647                    1.0000     11  
14648                    1.0000     11  14649                    1.0000     11  
14650                    1.0000     11  14651                    1.0000     11  
14652                    1.0000     11  14653                    1.0000     11  
14654                    1.0000     11  14655                    1.0000     11  
14656                    1.0000     11  14657                    1.0000     11  
14658                    1.0000     11  14659                    1.0000     11  
14660                    1.0000     11  14661                    1.0000     11  
14662                    1.0000     11  14663                    1.0000     11  
14664                    1.0000     11  14665                    1.0000     11  
14666                    1.0000     11  14667                    1.0000     11  
14668                    1.0000     11  14669                    1.0000     11  
14670                    1.0000     11  14671                    1.0000     11  
14672                    1.0000     11  14673                    1.0000     11  
14674                    1.0000     11  14675                    1.0000     11  
14676                    1.0000     11  14677                    1.0000     11  
14678                    1.0000     11  14679                    1.0000     11  
14680                    1.0000     11  14681                    1.0000     11  
14682                    1.0000     11  14683                    1.0000     11  
14684                    1.0000     11  14685                    1.0000     11  
14686                    1.0000     11  14687                    1.0000     11  
14688                    1.0000     11  14689                    1.0000     11  
14690                    1.0000     11  14691                    1.0000     11  
14692                    1.0000     11  14693                    1.0000     11  
14694                    1.0000     11  14695                    1.0000     11  
14696                    1.0000     11  14697                    1.0000     11  
14698                    1.0000     11  14699                    1.0000     11  
14700                    1.0000     11  14701                    1.0000     11  
14702                    1.0000     11  14703                    1.0000     11  
14704                    1.0000     11  14705                    1.0000     11  
14706                    1.0000     11  14707                    1.0000     11  
14708                    1.0000     11  14709                    1.0000     11  
14710                    1.0000     11  14711                    1.0000     11  
14712                    1.0000     11  14713                    1.0000     11  
14714                    1.0000     11  14715                    1.0000     11  
14716                    1.0000     11  14717                    1.0000     11  
14718                    1.0000     11  14719                    1.0000     11  
14720                    1.0000     11  14721                    1.0000     11  
14722                    1.0000     11  14723                    1.0000     11  
14724                    1.0000     11  14725                    1.0000     11  
14726                    1.0000     11  14727                    1.0000     11  
14728                    1.0000     11  14729                    1.0000     11  
14730                    1.0000     11  14731                    1.0000     11  
14732                    1.0000     11  14733                    1.0000     11  
14734                    1.0000     11  14735                    1.0000     11  
14736                    1.0000     11  14737                    1.0000     11  
14738                    1.0000     11  14739                    1.0000     11  
14740                    1.0000     11  14741                    1.0000     11  
14742                    1.0000     11  14743                    1.0000     11  
14744                    1.0000     11  14745                    1.0000     11  
14746                    1.0000     11  14747                    1.0000     11  
14748                    1.0000     11  14749                    1.0000     11  
14750                    1.0000     11  14751                    1.0000     11  
14752                    1.0000     11  14753                    1.0000     11  
14754                    1.0000     11  14755                    1.0000     11  
14756                    1.0000     11  14757                    1.0000     11  
14758                    1.0000     11  14759                    1.0000     11  
14760                    1.0000     11  14761                    1.0000     11  
14762                    1.0000     11  14763                    1.0000     11  
14764                    1.0000     11  14765                    1.0000     11  
14766                    1.0000     11  14767                    1.0000     11  
14768                    1.0000     11  14769                    1.0000     11  
14770                    1.0000     11  14771                    1.0000     11  
14772                    1.0000     11  14773                    1.0000     11  
14774                    1.0000     11  14775                    1.0000     11  
14776                    1.0000     11  14777                    1.0000     11  
14778                    1.0000     11  14779                    1.0000     11  
14780                    1.0000     11  14781                    1.0000     11  
14782                    1.0000     11  14783                    1.0000     11  
14784                    1.0000     11  14785                    1.0000     11  
14786                    1.0000     11  14787                    1.0000     11  
14788                    1.0000     11  14789                    1.0000     11  
14790                    1.0000     11  14791                    1.0000     11  
14792                    1.0000     11  14793                    1.0000     11  
14794                    1.0000     11  14795                    1.0000     11  
14796                    1.0000     11  14797                    1.0000     11  
14798                    1.0000     11  14799                    1.0000     11  
14800                    1.0000     11  14801                    1.0000     11  
14802                    1.0000     11  14803                    1.0000     11  
14804                    1.0000     11  14805                    1.0000     11  
14806                    1.0000     11  14807                    1.0000     11  
14808                    1.0000     11  14809                    1.0000     11  
14810                    1.0000     11  14811                    1.0000     11  
14812                    1.0000     11  14813                    1.0000     11  
14814                    1.0000     11  14815                    1.0000     11  
14816                    1.0000     11  14817                    1.0000     11  
14818                    1.0000     11  14819                    1.0000     11  
14820                    1.0000     11  14821                    1.0000     11  
14822                    1.0000     11  14823                    1.0000     11  
14824                    1.0000     11  14825                    1.0000     11  
14826                    1.0000     11  14827                    1.0000     11  
14828                    1.0000     11  14829                    1.0000     11  
14830                    1.0000     11  14831                    1.0000     11  
14832                    1.0000     11  14833                    1.0000     11  
14834                    1.0000     11  14835                    1.0000     11  
14836                    1.0000     11  14837                    1.0000     11  
14838                    1.0000     11  14839                    1.0000     11  
14840                    1.0000     11  14841                    1.0000     11  
14842                    1.0000     11  14843                    1.0000     11  
14844                    1.0000     11  14845                    1.0000     11  
14846                    1.0000     11  14847                    1.0000     11  
14848                    1.0000     11  14849                    1.0000     11  
14850                    1.0000     11  14851                    1.0000     11  
14852                    1.0000     11  14853                    1.0000     11  
14854                    1.0000     11  14855                    1.0000     11  
14856                    1.0000     11  14857                    1.0000     11  
14858                    1.0000     11  14859                    1.0000     11  
14860                    1.0000     11  14861                    1.0000     11  
14862                    1.0000     11  14863                    1.0000     11  
14864                    1.0000     11  14865                    1.0000     11  
14866                    1.0000     11  14867                    1.0000     11  
14868                    1.0000     11  14869                    1.0000     11  
14870                    1.0000     11  14871                    1.0000     11  
14872                    1.0000     11  14873                    1.0000     11  
14874                    1.0000     11  14875                    1.0000     11  
14876                    1.0000     11  14877                    1.0000     11  
14878                    1.0000     11  14879                    1.0000     11  
14880                    1.0000     11  14881                    1.0000     11  
14882                    1.0000     11  14883                    1.0000     11  
14884                    1.0000     11  14885                    1.0000     11  
14886                    1.0000     11  14887                    1.0000     11  
14888                    1.0000     11  14889                    1.0000     11  
14890                    1.0000     11  14891                    1.0000     11  
14892                    1.0000     11  14893                    1.0000     11  
14894                    1.0000     11  14895                    1.0000     11  
14896                    1.0000     11  14897                    1.0000     11  
14898                    1.0000     11  14899                    1.0000     11  
14900                    1.0000     11  14901                    1.0000     11  
14902                    1.0000     11  14903                    1.0000     11  
14904                    1.0000     11  14905                    1.0000     11  
14906                    1.0000     11  14907                    1.0000     11  
14908                    1.0000     11  14909                    1.0000     11  
14910                    1.0000     11  14911                    1.0000     11  
14912                    1.0000     11  14913                    1.0000     11  
14914                    1.0000     11  14915                    1.0000     11  
14916                    1.0000     11  14917                    1.0000     11  
14918                    1.0000     11  14919                    1.0000     11  
14920                    1.0000     11  14921                    1.0000     11  
14922                    1.0000     11  14923                    1.0000     11  
14924                    1.0000     11  14925                    1.0000     11  
14926                    1.0000     11  14927                    1.0000     11  
14928                    1.0000     11  14929                    1.0000     11  
14930                    1.0000     11  14931                    1.0000     11  
14932                    1.0000     11  14933                    1.0000     11  
14934                    1.0000     11  14935                    1.0000     11  
14936                    1.0000     11  14937                    1.0000     11  
14938                    1.0000     11  14939                    1.0000     11  
14940                    1.0000     11  14941                    1.0000     11  
14942                    1.0000     11  14943                    1.0000     11  
14944                    1.0000     11  14945                    1.0000     11  
14946                    1.0000     11  14947                    1.0000     11  
14948                    1.0000     11  14949                    1.0000     11  
14950                    1.0000     11  14951                    1.0000     11  
14952                    1.0000     11  14953                    1.0000     11  
14954                    1.0000     11  14955                    1.0000     11  
14956                    1.0000     11  14957                    1.0000     11  
14958                    1.0000     11  14959                    1.0000     11  
14960                    1.0000     11  14961                    1.0000     11  
14962                    1.0000     11  14963                    1.0000     11  
14964                    1.0000     11  14965                    1.0000     11  
14966                    1.0000     11  14967                    1.0000     11  
14968                    1.0000     11  14969                    1.0000     11  
14970                    1.0000     11  14971                    1.0000     11  
14972                    1.0000     11  14973                    1.0000     11  
14974                    1.0000     11  14975                    1.0000     11  
14976                    1.0000     11  14977                    1.0000     11  
14978                    1.0000     11  14979                    1.0000     11  
14980                    1.0000     11  14981                    1.0000     11  
14982                    1.0000     11  14983                    1.0000     11  
14984                    1.0000     11  14985                    1.0000     11  
14986                    1.0000     11  14987                    1.0000     11  
14988                    1.0000     11  14989                    1.0000     11  
14990                    1.0000     11  14991                    1.0000     11  
14992                    1.0000     11  14993                    1.0000     11  
14994                    1.0000     11  14995                    1.0000     11  
14996                    1.0000     11  14997                    1.0000     11  
14998                    1.0000     11  14999                    1.0000     11  
15000                    1.0000     11  15001                    1.0000     11  
15002                    1.0000     11  15003                    1.0000     11  
15004                    1.0000     11  15005                    1.0000     11  
15006                    1.0000     11  15007                    1.0000     11  
15008                    1.0000     11  15009                    1.0000     11  
15010                    1.0000     11  15011                    1.0000     11  
15012                    1.0000     11  15013                    1.0000     11  
15014                    1.0000     11  15015                    1.0000     11  
15016                    1.0000     11  15017                    1.0000     11  
15018                    1.0000     11  15019                    1.0000     11  
15020                    1.0000     11  15021                    1.0000     11  
15022                    1.0000     11  15023                    1.0000     11  
15024                    1.0000     11  15025                    1.0000     11  
15026                    1.0000     11  15027                    1.0000     11  
15028                    1.0000     11  15029                    1.0000     11  
15030                    1.0000     11  15031                    1.0000     11  
15032                    1.0000     11  15033                    1.0000     11  
15034                    1.0000     11  15035                    1.0000     11  
15036                    1.0000     11  15037                    1.0000     11  
15038                    1.0000     11  15039                    1.0000     11  
15040                    1.0000     11  15041                    1.0000     11  
15042                    1.0000     11  15043                    1.0000     11  
15044                    1.0000     11  15045                    1.0000     11  
15046                    1.0000     11  15047                    1.0000     11  
15048                    1.0000     11  15049                    1.0000     11  
15050                    1.0000     11  15051                    1.0000     11  
15052                    1.0000     11  15053                    1.0000     11  
15054                    1.0000     11  15055                    1.0000     11  
15056                    1.0000     11  15057                    1.0000     11  
15058                    1.0000     11  15059                    1.0000     11  
15060                    1.0000     11  15061                    1.0000     11  
15062                    1.0000     11  15063                    1.0000     11  
15064                    1.0000     11  15065                    1.0000     11  
15066                    1.0000     11  15067                    1.0000     11  
15068                    1.0000     11  15069                    1.0000     11  
15070                    1.0000     11  15071                    1.0000     11  
15072                    1.0000     11  15073                    1.0000     11  
15074                    1.0000     11  15075                    1.0000     11  
15076                    1.0000     11  15077                    1.0000     11  
15078                    1.0000     11  15079                    1.0000     11  
15080                    1.0000     11  15081                    1.0000     11  
15082                    1.0000     11  15083                    1.0000     11  
15084                    1.0000     11  15085                    1.0000     11  
15086                    1.0000     11  15087                    1.0000     11  
15088                    1.0000     11  15089                    1.0000     11  
15090                    1.0000     11  15091                    1.0000     11  
15092                    1.0000     11  15093                    1.0000     11  
15094                    1.0000     11  15095                    1.0000     11  
15096                    1.0000     11  15097                    1.0000     11  
15098                    1.0000     11  15099                    1.0000     11  
15100                    1.0000     11  15101                    1.0000     11  
15102                    1.0000     11  15103                    1.0000     11  
15104                    1.0000     11  15105                    1.0000     11  
15106                    1.0000     11  15107                    1.0000     11  
15108                    1.0000     11  15109                    1.0000     11  
15110                    1.0000     11  15111                    1.0000     11  
15112                    1.0000     11  15113                    1.0000     11  
15114                    1.0000     11  15115                    1.0000     11  
15116                    1.0000     11  15117                    1.0000     11  
15118                    1.0000     11  15119                    1.0000     11  
15120                    1.0000     11  15121                    1.0000     11  
15122                    1.0000     11  15123                    1.0000     11  
15124                    1.0000     11  15125                    1.0000     11  
15126                    1.0000     11  15127                    1.0000     11  
15128                    1.0000     11  15129                    1.0000     11  
15130                    1.0000     11  15131                    1.0000     11  
15132                    1.0000     11  15133                    1.0000     11  
15134                    1.0000     11  15135                    1.0000     11  
15136                    1.0000     11  15137                    1.0000     11  
15138                    1.0000     11  15139                    1.0000     11  
15140                    1.0000     11  15141                    1.0000     11  
15142                    1.0000     11  15143                    1.0000     11  
15144                    1.0000     11  15145                    1.0000     11  
15146                    1.0000     11  15147                    1.0000     11  
15148                    1.0000     11  15149                    1.0000     11  
15150                    1.0000     11  15151                    1.0000     11  
15152                    1.0000     11  15153                    1.0000     11  
15154                    1.0000     11  15155                    1.0000     11  
15156                    1.0000     11  15157                    1.0000     11  
15158                    1.0000     11  15159                    1.0000     11  
15160                    1.0000     11  15161                    1.0000     11  
15162                    1.0000     11  15163                    1.0000     11  
15164                    1.0000     11  15165                    1.0000     11  
15166                    1.0000     11  15167                    1.0000     11  
15168                    1.0000     11  15169                    1.0000     11  
15170                    1.0000     11  15171                    1.0000     11  
15172                    1.0000     11  15173                    1.0000     11  
15174                    1.0000     11  15175                    1.0000     11  
15176                    1.0000     11  15177                    1.0000     11  
15178                    1.0000     11  15179                    1.0000     11  
15180                    1.0000     11  15181                    1.0000     11  
15182                    1.0000     11  15183                    1.0000     11  
15184                    1.0000     11  15185                    1.0000     11  
15186                    1.0000     11  15187                    1.0000     11  
15188                    1.0000     11  15189                    1.0000     11  
15190                    1.0000     11  15191                    1.0000     11  
15192                    1.0000     11  15193                    1.0000     11  
15194                    1.0000     11  15195                    1.0000     11  
15196                    1.0000     11  15197                    1.0000     11  
15198                    1.0000     11  15199                    1.0000     11  
15200                    1.0000     11  15201                    1.0000     11  
15202                    1.0000     11  15203                    1.0000     11  
15204                    1.0000     11  15205                    1.0000     11  
15206                    1.0000     11  15207                    1.0000     11  
15208                    1.0000     11  15209                    1.0000     11  
15210                    1.0000     11  15211                    1.0000     11  
15212                    1.0000     11  15213                    1.0000     11  
15214                    1.0000     11  15215                    1.0000     11  
15216                    1.0000     11  15217                    1.0000     11  
15218                    1.0000     11  15219                    1.0000     11  
15220                    1.0000     11  15221                    1.0000     11  
15222                    1.0000     11  15223                    1.0000     11  
15224                    1.0000     11  15225                    1.0000     11  
15226                    1.0000     11  15227                    1.0000     11  
********************************************************************************

********************************************************************************
COMMAND LINE SUMMARY
********************************************************************************
This information can also be useful in the event you wish to report a
problem with the MEME software.

command: meme meme_comparison/data/tmp_memedir_fin/FALSE_TRUE_FALSE_5_NA_NA_TRUE_53_98/MSANTD1.fasta -oc meme_comparison/data/tmp_memedir_fin/FALSE_TRUE_FALSE_5_NA_NA_TRUE_53_98/MSANTD1 -nmotifs 6 -dna -maxw 30 -p 1 -seed 53 -revcomp 

model:  mod=         zoops    nmotifs=         6    evt=           inf
objective function:           em=       E-value of product of p-values
                              starts=   E-value of product of p-values
strands: + -
width:  minw=            8    maxw=           11
nsites: minsites=        2    maxsites=      612    wnsites=       0.8
theta:  spmap=         uni    spfuzz=        0.5
em:     prior=   dirichlet    b=            0.01    maxiter=        50
        distance=    1e-05
trim:   wg=             11    ws=              1    endgaps=       yes
data:   n=            6732    N=             612
sample: seed=           53    hsfrac=          0
        searchsize=   6732    norand=         no    csites=       1000
Letter frequencies in dataset:
A 0.281 C 0.219 G 0.219 T 0.281 
Background letter frequencies (from file dataset with add-one prior applied):
A 0.281 C 0.219 G 0.219 T 0.281 
Background model order: 0
********************************************************************************


********************************************************************************
MOTIF YACTTAAG MEME-1	width =   8  sites =  15  llr = 133  E-value = 1.3e-001
********************************************************************************
--------------------------------------------------------------------------------
	Motif YACTTAAG MEME-1 Description
--------------------------------------------------------------------------------
Simplified        A  1a2::aa:
pos.-specific     C  5:8::::1
probability       G  :::::::9
matrix            T  3::aa:::

         bits    2.2         
                 2.0         
                 1.8  * **** 
                 1.5  * *****
Relative         1.3  *******
Entropy          1.1  *******
(12.8 bits)      0.9  *******
                 0.7 ********
                 0.4 ********
                 0.2 ********
                 0.0 --------

Multilevel           CACTTAAG
consensus            T A     
sequence                     
                             
--------------------------------------------------------------------------------

--------------------------------------------------------------------------------
	Motif YACTTAAG MEME-1 sites sorted by position p-value
--------------------------------------------------------------------------------
Sequence name            Strand  Start   P-value              Site
-------------            ------  ----- ---------            --------
15185                        +      1  1.84e-05          . CACTTAAG TTA       
15069                        +      3  1.84e-05         TG CACTTAAG T         
14960                        +      2  1.84e-05          G CACTTAAG CG        
14805                        -      1  1.84e-05        CTT CACTTAAG           
14711                        -      4  1.84e-05          . CACTTAAG TCC       
14687                        -      3  1.84e-05          A CACTTAAG GT        
14842                        -      4  4.20e-05          . TACTTAAG CAT       
14618                        +      3  4.20e-05         AG TACTTAAG C         
14732                        -      1  6.56e-05        ACT AACTTAAG           
14713                        -      4  6.56e-05          . AACTTAAG ATC       
15226                        +      4  1.08e-04        CCA CACTTAAC           
14633                        +      3  1.08e-04         GG CACTTAAC T         
15208                        -      3  1.38e-04          T TAATTAAG CG        
14887                        -      4  1.38e-04          . TAATTAAG CAT       
14722                        +      1  1.38e-04          . TAATTAAG ATC       
--------------------------------------------------------------------------------

--------------------------------------------------------------------------------
	Motif YACTTAAG MEME-1 block diagrams
--------------------------------------------------------------------------------
SEQUENCE NAME            POSITION P-VALUE  MOTIF DIAGRAM
-------------            ----------------  -------------
15185                             1.8e-05  [+1]_3
15069                             1.8e-05  2_[+1]_1
14960                             1.8e-05  1_[+1]_2
14805                             1.8e-05  [-1]_3
14711                             1.8e-05  3_[-1]
14687                             1.8e-05  2_[-1]_1
14842                             4.2e-05  3_[-1]
14618                             4.2e-05  2_[+1]_1
14732                             6.6e-05  [-1]_3
14713                             6.6e-05  3_[-1]
15226                             0.00011  3_[+1]
14633                             0.00011  2_[+1]_1
15208                             0.00014  2_[-1]_1
14887                             0.00014  3_[-1]
14722                             0.00014  [+1]_3
--------------------------------------------------------------------------------

--------------------------------------------------------------------------------
	Motif YACTTAAG MEME-1 in BLOCKS format
--------------------------------------------------------------------------------
BL   MOTIF YACTTAAG width=8 seqs=15
15185                    (    1) CACTTAAG  1 
15069                    (    3) CACTTAAG  1 
14960                    (    2) CACTTAAG  1 
14805                    (    1) CACTTAAG  1 
14711                    (    4) CACTTAAG  1 
14687                    (    3) CACTTAAG  1 
14842                    (    4) TACTTAAG  1 
14618                    (    3) TACTTAAG  1 
14732                    (    1) AACTTAAG  1 
14713                    (    4) AACTTAAG  1 
15226                    (    4) CACTTAAC  1 
14633                    (    3) CACTTAAC  1 
15208                    (    3) TAATTAAG  1 
14887                    (    4) TAATTAAG  1 
14722                    (    1) TAATTAAG  1 
//

--------------------------------------------------------------------------------

--------------------------------------------------------------------------------
	Motif YACTTAAG MEME-1 position-specific scoring matrix
--------------------------------------------------------------------------------
log-odds matrix: alength= 4 w= 8 n= 2448 bayes= 8.01918 E= 1.3e-001 
  -108    129  -1055     24 
   183  -1055  -1055  -1055 
   -49    187  -1055  -1055 
 -1055  -1055  -1055    183 
 -1055  -1055  -1055    183 
   183  -1055  -1055  -1055 
   183  -1055  -1055  -1055 
 -1055    -71    199  -1055 
--------------------------------------------------------------------------------

--------------------------------------------------------------------------------
	Motif YACTTAAG MEME-1 position-specific probability matrix
--------------------------------------------------------------------------------
letter-probability matrix: alength= 4 w= 8 nsites= 15 E= 1.3e-001 
 0.133333  0.533333  0.000000  0.333333 
 1.000000  0.000000  0.000000  0.000000 
 0.200000  0.800000  0.000000  0.000000 
 0.000000  0.000000  0.000000  1.000000 
 0.000000  0.000000  0.000000  1.000000 
 1.000000  0.000000  0.000000  0.000000 
 1.000000  0.000000  0.000000  0.000000 
 0.000000  0.133333  0.866667  0.000000 
--------------------------------------------------------------------------------

--------------------------------------------------------------------------------
	Motif YACTTAAG MEME-1 regular expression
--------------------------------------------------------------------------------
[CT]A[CA]TTAAG
--------------------------------------------------------------------------------




Time  8.03 secs.

********************************************************************************


********************************************************************************
MOTIF ACTMGTWCTAC MEME-2	width =  11  sites =   6  llr = 66  E-value = 5.8e+002
********************************************************************************
--------------------------------------------------------------------------------
	Motif ACTMGTWCTAC MEME-2 Description
--------------------------------------------------------------------------------
Simplified        A  8::5::5::8:
pos.-specific     C  :8:52::a::8
probability       G  2:2:8::::2:
matrix            T  :28::a5:a:2

         bits    2.2        *   
                 2.0        *   
                 1.8      * **  
                 1.5  *  ** ** *
Relative         1.3 *** ** ****
Entropy          1.1 ****** ****
(15.9 bits)      0.9 ***********
                 0.7 ***********
                 0.4 ***********
                 0.2 ***********
                 0.0 -----------

Multilevel           ACTAGTACTAC
consensus               C  T    
sequence                        
                                
--------------------------------------------------------------------------------

--------------------------------------------------------------------------------
	Motif ACTMGTWCTAC MEME-2 sites sorted by position p-value
--------------------------------------------------------------------------------
Sequence name            Strand  Start   P-value               Site  
-------------            ------  ----- ---------            -----------
14731                        -      1  4.96e-07          . ACTCGTTCTAC           
14673                        +      1  1.13e-06          . ACTAGTACTAC           
14758                        +      1  2.29e-06          . GCTCGTACTAC           
14723                        +      1  7.82e-06          . ATTAGTTCTAC           
15216                        -      1  1.55e-05          . ACGACTTCTAC           
14666                        +      1  1.55e-05          . ACTCGTACTGT           
--------------------------------------------------------------------------------

--------------------------------------------------------------------------------
	Motif ACTMGTWCTAC MEME-2 block diagrams
--------------------------------------------------------------------------------
SEQUENCE NAME            POSITION P-VALUE  MOTIF DIAGRAM
-------------            ----------------  -------------
14731                               5e-07  [-2]
14673                             1.1e-06  [+2]
14758                             2.3e-06  [+2]
14723                             7.8e-06  [+2]
15216                             1.6e-05  [-2]
14666                             1.6e-05  [+2]
--------------------------------------------------------------------------------

--------------------------------------------------------------------------------
	Motif ACTMGTWCTAC MEME-2 in BLOCKS format
--------------------------------------------------------------------------------
BL   MOTIF ACTMGTWCTAC width=11 seqs=6
14731                    (    1) ACTCGTTCTAC  1 
14673                    (    1) ACTAGTACTAC  1 
14758                    (    1) GCTCGTACTAC  1 
14723                    (    1) ATTAGTTCTAC  1 
15216                    (    1) ACGACTTCTAC  1 
14666                    (    1) ACTCGTACTGT  1 
//

--------------------------------------------------------------------------------

--------------------------------------------------------------------------------
	Motif ACTMGTWCTAC MEME-2 position-specific scoring matrix
--------------------------------------------------------------------------------
log-odds matrix: alength= 4 w= 11 n= 612 bayes= 7.10947 E= 5.8e+002 
   157   -923    -39   -923 
  -923    193   -923    -75 
  -923   -923    -39    157 
    83    119   -923   -923 
  -923    -39    193   -923 
  -923   -923   -923    183 
    83   -923   -923     83 
  -923    219   -923   -923 
  -923   -923   -923    183 
   157   -923    -39   -923 
  -923    193   -923    -75 
--------------------------------------------------------------------------------

--------------------------------------------------------------------------------
	Motif ACTMGTWCTAC MEME-2 position-specific probability matrix
--------------------------------------------------------------------------------
letter-probability matrix: alength= 4 w= 11 nsites= 6 E= 5.8e+002 
 0.833333  0.000000  0.166667  0.000000 
 0.000000  0.833333  0.000000  0.166667 
 0.000000  0.000000  0.166667  0.833333 
 0.500000  0.500000  0.000000  0.000000 
 0.000000  0.166667  0.833333  0.000000 
 0.000000  0.000000  0.000000  1.000000 
 0.500000  0.000000  0.000000  0.500000 
 0.000000  1.000000  0.000000  0.000000 
 0.000000  0.000000  0.000000  1.000000 
 0.833333  0.000000  0.166667  0.000000 
 0.000000  0.833333  0.000000  0.166667 
--------------------------------------------------------------------------------

--------------------------------------------------------------------------------
	Motif ACTMGTWCTAC MEME-2 regular expression
--------------------------------------------------------------------------------
ACT[AC]GT[AT]CTAC
--------------------------------------------------------------------------------




Time  8.52 secs.

********************************************************************************


********************************************************************************
MOTIF TASGCTTCAAG MEME-3	width =  11  sites =   4  llr = 49  E-value = 6.7e+003
********************************************************************************
--------------------------------------------------------------------------------
	Motif TASGCTTCAAG MEME-3 Description
--------------------------------------------------------------------------------
Simplified        A  :8:::::3aa:
pos.-specific     C  ::5:a3:8:::
probability       G  :358::::::a
matrix            T  a::3:8a::::

         bits    2.2     *     *
                 2.0     *     *
                 1.8 *   * * ***
                 1.5 *   * * ***
Relative         1.3 *  ** *****
Entropy          1.1 ***********
(17.7 bits)      0.9 ***********
                 0.7 ***********
                 0.4 ***********
                 0.2 ***********
                 0.0 -----------

Multilevel           TACGCTTCAAG
consensus             GGT C A   
sequence                        
                                
--------------------------------------------------------------------------------

--------------------------------------------------------------------------------
	Motif TASGCTTCAAG MEME-3 sites sorted by position p-value
--------------------------------------------------------------------------------
Sequence name            Strand  Start   P-value               Site  
-------------            ------  ----- ---------            -----------
14822                        +      1  4.96e-07          . TACGCTTCAAG           
14764                        -      1  4.96e-07          . TAGGCTTCAAG           
14833                        +      1  4.83e-06          . TGGTCTTCAAG           
14790                        -      1  4.83e-06          . TACGCCTAAAG           
--------------------------------------------------------------------------------

--------------------------------------------------------------------------------
	Motif TASGCTTCAAG MEME-3 block diagrams
--------------------------------------------------------------------------------
SEQUENCE NAME            POSITION P-VALUE  MOTIF DIAGRAM
-------------            ----------------  -------------
14822                               5e-07  [+3]
14764                               5e-07  [-3]
14833                             4.8e-06  [+3]
14790                             4.8e-06  [-3]
--------------------------------------------------------------------------------

--------------------------------------------------------------------------------
	Motif TASGCTTCAAG MEME-3 in BLOCKS format
--------------------------------------------------------------------------------
BL   MOTIF TASGCTTCAAG width=11 seqs=4
14822                    (    1) TACGCTTCAAG  1 
14764                    (    1) TAGGCTTCAAG  1 
14833                    (    1) TGGTCTTCAAG  1 
14790                    (    1) TACGCCTAAAG  1 
//

--------------------------------------------------------------------------------

--------------------------------------------------------------------------------
	Motif TASGCTTCAAG MEME-3 position-specific scoring matrix
--------------------------------------------------------------------------------
log-odds matrix: alength= 4 w= 11 n= 612 bayes= 7.24793 E= 6.7e+003 
  -865   -865   -865    183 
   141   -865     19   -865 
  -865    119    119   -865 
  -865   -865    178    -17 
  -865    219   -865   -865 
  -865     19   -865    141 
  -865   -865   -865    183 
   -17    178   -865   -865 
   183   -865   -865   -865 
   183   -865   -865   -865 
  -865   -865    219   -865 
--------------------------------------------------------------------------------

--------------------------------------------------------------------------------
	Motif TASGCTTCAAG MEME-3 position-specific probability matrix
--------------------------------------------------------------------------------
letter-probability matrix: alength= 4 w= 11 nsites= 4 E= 6.7e+003 
 0.000000  0.000000  0.000000  1.000000 
 0.750000  0.000000  0.250000  0.000000 
 0.000000  0.500000  0.500000  0.000000 
 0.000000  0.000000  0.750000  0.250000 
 0.000000  1.000000  0.000000  0.000000 
 0.000000  0.250000  0.000000  0.750000 
 0.000000  0.000000  0.000000  1.000000 
 0.250000  0.750000  0.000000  0.000000 
 1.000000  0.000000  0.000000  0.000000 
 1.000000  0.000000  0.000000  0.000000 
 0.000000  0.000000  1.000000  0.000000 
--------------------------------------------------------------------------------

--------------------------------------------------------------------------------
	Motif TASGCTTCAAG MEME-3 regular expression
--------------------------------------------------------------------------------
T[AG][CG][GT]C[TC]T[CA]AAG
--------------------------------------------------------------------------------




Time  9.01 secs.

********************************************************************************


********************************************************************************
MOTIF ATAKGKTCGGA MEME-4	width =  11  sites =   4  llr = 49  E-value = 7.2e+003
********************************************************************************
--------------------------------------------------------------------------------
	Motif ATAKGKTCGGA MEME-4 Description
--------------------------------------------------------------------------------
Simplified        A  8:a:::::::a
pos.-specific     C  3:::::3a3::
probability       G  :::5a5::8a:
matrix            T  :a:5:58::::

         bits    2.2     *  * * 
                 2.0     *  * * 
                 1.8  ** *  * **
                 1.5  ** *  * **
Relative         1.3  ** *  ****
Entropy          1.1 ***********
(17.7 bits)      0.9 ***********
                 0.7 ***********
                 0.4 ***********
                 0.2 ***********
                 0.0 -----------

Multilevel           ATAGGGTCGGA
consensus            C  T TC C  
sequence                        
                                
--------------------------------------------------------------------------------

--------------------------------------------------------------------------------
	Motif ATAKGKTCGGA MEME-4 sites sorted by position p-value
--------------------------------------------------------------------------------
Sequence name            Strand  Start   P-value               Site  
-------------            ------  ----- ---------            -----------
14994                        -      1  6.89e-07          . ATATGGTCGGA           
14903                        +      1  6.89e-07          . ATATGGTCGGA           
14918                        +      1  2.28e-06          . CTAGGTTCGGA           
15054                        +      1  5.08e-06          . ATAGGTCCCGA           
--------------------------------------------------------------------------------

--------------------------------------------------------------------------------
	Motif ATAKGKTCGGA MEME-4 block diagrams
--------------------------------------------------------------------------------
SEQUENCE NAME            POSITION P-VALUE  MOTIF DIAGRAM
-------------            ----------------  -------------
14994                             6.9e-07  [-4]
14903                             6.9e-07  [+4]
14918                             2.3e-06  [+4]
15054                             5.1e-06  [+4]
--------------------------------------------------------------------------------

--------------------------------------------------------------------------------
	Motif ATAKGKTCGGA MEME-4 in BLOCKS format
--------------------------------------------------------------------------------
BL   MOTIF ATAKGKTCGGA width=11 seqs=4
14994                    (    1) ATATGGTCGGA  1 
14903                    (    1) ATATGGTCGGA  1 
14918                    (    1) CTAGGTTCGGA  1 
15054                    (    1) ATAGGTCCCGA  1 
//

--------------------------------------------------------------------------------

--------------------------------------------------------------------------------
	Motif ATAKGKTCGGA MEME-4 position-specific scoring matrix
--------------------------------------------------------------------------------
log-odds matrix: alength= 4 w= 11 n= 612 bayes= 7.98868 E= 7.2e+003 
   141     19   -865   -865 
  -865   -865   -865    183 
   183   -865   -865   -865 
  -865   -865    119     83 
  -865   -865    219   -865 
  -865   -865    119     83 
  -865     19   -865    141 
  -865    219   -865   -865 
  -865     19    178   -865 
  -865   -865    219   -865 
   183   -865   -865   -865 
--------------------------------------------------------------------------------

--------------------------------------------------------------------------------
	Motif ATAKGKTCGGA MEME-4 position-specific probability matrix
--------------------------------------------------------------------------------
letter-probability matrix: alength= 4 w= 11 nsites= 4 E= 7.2e+003 
 0.750000  0.250000  0.000000  0.000000 
 0.000000  0.000000  0.000000  1.000000 
 1.000000  0.000000  0.000000  0.000000 
 0.000000  0.000000  0.500000  0.500000 
 0.000000  0.000000  1.000000  0.000000 
 0.000000  0.000000  0.500000  0.500000 
 0.000000  0.250000  0.000000  0.750000 
 0.000000  1.000000  0.000000  0.000000 
 0.000000  0.250000  0.750000  0.000000 
 0.000000  0.000000  1.000000  0.000000 
 1.000000  0.000000  0.000000  0.000000 
--------------------------------------------------------------------------------

--------------------------------------------------------------------------------
	Motif ATAKGKTCGGA MEME-4 regular expression
--------------------------------------------------------------------------------
[AC]TA[GT]G[GT][TC]C[GC]GA
--------------------------------------------------------------------------------




Time  9.51 secs.

********************************************************************************


********************************************************************************
MOTIF AAGWGMGWTCC MEME-5	width =  11  sites =   3  llr = 40  E-value = 8.4e+003
********************************************************************************
--------------------------------------------------------------------------------
	Motif AAGWGMGWTCC MEME-5 Description
--------------------------------------------------------------------------------
Simplified        A  aa:3:3:7:::
pos.-specific     C  :::::7:::aa
probability       G  ::a:a:a::::
matrix            T  :::7:::3a::

         bits    2.2   * * *  **
                 2.0   * * *  **
                 1.8 *** * * ***
                 1.5 *** * * ***
Relative         1.3 *** * * ***
Entropy          1.1 *** *** ***
(19.4 bits)      0.9 ***********
                 0.7 ***********
                 0.4 ***********
                 0.2 ***********
                 0.0 -----------

Multilevel           AAGTGCGATCC
consensus               A A T   
sequence                        
                                
--------------------------------------------------------------------------------

--------------------------------------------------------------------------------
	Motif AAGWGMGWTCC MEME-5 sites sorted by position p-value
--------------------------------------------------------------------------------
Sequence name            Strand  Start   P-value               Site  
-------------            ------  ----- ---------            -----------
14681                        +      1  1.93e-07          . AAGTGCGATCC           
14757                        +      1  8.28e-07          . AAGTGAGATCC           
15190                        +      1  1.02e-06          . AAGAGCGTTCC           
--------------------------------------------------------------------------------

--------------------------------------------------------------------------------
	Motif AAGWGMGWTCC MEME-5 block diagrams
--------------------------------------------------------------------------------
SEQUENCE NAME            POSITION P-VALUE  MOTIF DIAGRAM
-------------            ----------------  -------------
14681                             1.9e-07  [+5]
14757                             8.3e-07  [+5]
15190                               1e-06  [+5]
--------------------------------------------------------------------------------

--------------------------------------------------------------------------------
	Motif AAGWGMGWTCC MEME-5 in BLOCKS format
--------------------------------------------------------------------------------
BL   MOTIF AAGWGMGWTCC width=11 seqs=3
14681                    (    1) AAGTGCGATCC  1 
14757                    (    1) AAGTGAGATCC  1 
15190                    (    1) AAGAGCGTTCC  1 
//

--------------------------------------------------------------------------------

--------------------------------------------------------------------------------
	Motif AAGWGMGWTCC MEME-5 position-specific scoring matrix
--------------------------------------------------------------------------------
log-odds matrix: alength= 4 w= 11 n= 612 bayes= 7.3224 E= 8.4e+003 
   183   -823   -823   -823 
   183   -823   -823   -823 
  -823   -823    219   -823 
    24   -823   -823    124 
  -823   -823    219   -823 
    24    160   -823   -823 
  -823   -823    219   -823 
   124   -823   -823     24 
  -823   -823   -823    183 
  -823    219   -823   -823 
  -823    219   -823   -823 
--------------------------------------------------------------------------------

--------------------------------------------------------------------------------
	Motif AAGWGMGWTCC MEME-5 position-specific probability matrix
--------------------------------------------------------------------------------
letter-probability matrix: alength= 4 w= 11 nsites= 3 E= 8.4e+003 
 1.000000  0.000000  0.000000  0.000000 
 1.000000  0.000000  0.000000  0.000000 
 0.000000  0.000000  1.000000  0.000000 
 0.333333  0.000000  0.000000  0.666667 
 0.000000  0.000000  1.000000  0.000000 
 0.333333  0.666667  0.000000  0.000000 
 0.000000  0.000000  1.000000  0.000000 
 0.666667  0.000000  0.000000  0.333333 
 0.000000  0.000000  0.000000  1.000000 
 0.000000  1.000000  0.000000  0.000000 
 0.000000  1.000000  0.000000  0.000000 
--------------------------------------------------------------------------------

--------------------------------------------------------------------------------
	Motif AAGWGMGWTCC MEME-5 regular expression
--------------------------------------------------------------------------------
AAG[TA]G[CA]G[AT]TCC
--------------------------------------------------------------------------------




Time 10.01 secs.

********************************************************************************


********************************************************************************
MOTIF ACGAAGCA MEME-6	width =   8  sites =   5  llr = 53  E-value = 2.3e+004
********************************************************************************
--------------------------------------------------------------------------------
	Motif ACGAAGCA MEME-6 Description
--------------------------------------------------------------------------------
Simplified        A  a:2aa::a
pos.-specific     C  :a::::a:
probability       G  ::8::a::
matrix            T  ::::::::

         bits    2.2  *   ** 
                 2.0  *   ** 
                 1.8 ** *****
                 1.5 ** *****
Relative         1.3 ********
Entropy          1.1 ********
(15.3 bits)      0.9 ********
                 0.7 ********
                 0.4 ********
                 0.2 ********
                 0.0 --------

Multilevel           ACGAAGCA
consensus              A     
sequence                     
                             
--------------------------------------------------------------------------------

--------------------------------------------------------------------------------
	Motif ACGAAGCA MEME-6 sites sorted by position p-value
--------------------------------------------------------------------------------
Sequence name            Strand  Start   P-value              Site
-------------            ------  ----- ---------            --------
15138                        -      4  1.43e-05          . ACGAAGCA ACT       
14819                        +      2  1.43e-05          T ACGAAGCA GC        
14755                        -      3  1.43e-05          A ACGAAGCA TG        
14660                        -      1  1.43e-05        TCG ACGAAGCA           
14744                        -      2  3.27e-05         AG ACAAAGCA A         
--------------------------------------------------------------------------------

--------------------------------------------------------------------------------
	Motif ACGAAGCA MEME-6 block diagrams
--------------------------------------------------------------------------------
SEQUENCE NAME            POSITION P-VALUE  MOTIF DIAGRAM
-------------            ----------------  -------------
15138                             1.4e-05  3_[-6]
14819                             1.4e-05  1_[+6]_2
14755                             1.4e-05  2_[-6]_1
14660                             1.4e-05  [-6]_3
14744                             3.3e-05  1_[-6]_2
--------------------------------------------------------------------------------

--------------------------------------------------------------------------------
	Motif ACGAAGCA MEME-6 in BLOCKS format
--------------------------------------------------------------------------------
BL   MOTIF ACGAAGCA width=8 seqs=5
15138                    (    4) ACGAAGCA  1 
14819                    (    2) ACGAAGCA  1 
14755                    (    3) ACGAAGCA  1 
14660                    (    1) ACGAAGCA  1 
14744                    (    2) ACAAAGCA  1 
//

--------------------------------------------------------------------------------

--------------------------------------------------------------------------------
	Motif ACGAAGCA MEME-6 position-specific scoring matrix
--------------------------------------------------------------------------------
log-odds matrix: alength= 4 w= 8 n= 2448 bayes= 9.18452 E= 2.3e+004 
   183   -897   -897   -897 
  -897    219   -897   -897 
   -49   -897    187   -897 
   183   -897   -897   -897 
   183   -897   -897   -897 
  -897   -897    219   -897 
  -897    219   -897   -897 
   183   -897   -897   -897 
--------------------------------------------------------------------------------

--------------------------------------------------------------------------------
	Motif ACGAAGCA MEME-6 position-specific probability matrix
--------------------------------------------------------------------------------
letter-probability matrix: alength= 4 w= 8 nsites= 5 E= 2.3e+004 
 1.000000  0.000000  0.000000  0.000000 
 0.000000  1.000000  0.000000  0.000000 
 0.200000  0.000000  0.800000  0.000000 
 1.000000  0.000000  0.000000  0.000000 
 1.000000  0.000000  0.000000  0.000000 
 0.000000  0.000000  1.000000  0.000000 
 0.000000  1.000000  0.000000  0.000000 
 1.000000  0.000000  0.000000  0.000000 
--------------------------------------------------------------------------------

--------------------------------------------------------------------------------
	Motif ACGAAGCA MEME-6 regular expression
--------------------------------------------------------------------------------
AC[GA]AAGCA
--------------------------------------------------------------------------------




Time 10.50 secs.

********************************************************************************


********************************************************************************
SUMMARY OF MOTIFS
********************************************************************************

--------------------------------------------------------------------------------
	Combined block diagrams: non-overlapping sites with p-value < 0.0001
--------------------------------------------------------------------------------
SEQUENCE NAME            COMBINED P-VALUE  MOTIF DIAGRAM
-------------            ----------------  -------------
14616                            8.63e-01  11
14617                            3.21e-01  11
14618                            5.07e-03  2_[+1(4.20e-05)]_1
14619                            1.13e-01  11
14620                            8.49e-01  11
14621                            1.09e-01  11
14622                            5.57e-01  11
14623                            4.99e-01  11
14624                            4.82e-01  11
14625                            1.13e-02  11
14626                            9.14e-01  11
14627                            5.33e-01  11
14628                            7.46e-01  11
14629                            6.83e-01  11
14630                            5.71e-01  11
14631                            9.18e-01  11
14632                            1.33e-01  11
14633                            4.97e-03  11
14634                            7.49e-01  11
14635                            3.41e-01  11
14636                            4.59e-01  11
14637                            3.62e-01  11
14638                            5.25e-01  11
14639                            5.06e-01  11
14640                            3.54e-01  11
14641                            3.75e-01  11
14642                            1.47e-01  11
14643                            1.27e-01  11
14644                            7.94e-01  11
14645                            2.65e-01  11
14646                            7.10e-01  11
14647                            7.67e-01  11
14648                            8.94e-01  11
14649                            2.85e-01  11
14650                            6.82e-01  11
14651                            9.95e-01  11
14652                            3.95e-01  11
14653                            3.93e-01  11
14654                            1.79e-01  11
14655                            9.48e-01  11
14656                            1.91e-01  11
14657                            4.83e-01  11
14658                            3.22e-01  11
14659                            7.48e-01  11
14660                            3.12e-02  [-6(1.43e-05)]_3
14661                            9.01e-01  11
14662                            1.25e-01  11
14663                            2.10e-01  11
14664                            2.48e-01  11
14665                            2.42e-01  11
14666                            1.29e-02  [+2(1.55e-05)]
14667                            2.89e-01  11
14668                            6.66e-01  11
14669                            5.49e-01  11
14670                            7.17e-01  11
14671                            3.89e-01  11
14672                            4.70e-01  11
14673                            1.99e-03  [+2(1.13e-06)]
14674                            5.25e-01  11
14675                            5.16e-01  11
14676                            7.86e-01  11
14677                            8.04e-01  11
14678                            1.36e-01  11
14679                            2.85e-01  11
14680                            5.77e-01  11
14681                            7.86e-04  [+5(1.93e-07)]
14682                            6.77e-01  11
14683                            5.03e-01  11
14684                            2.25e-01  11
14685                            8.32e-01  11
14686                            7.76e-01  11
14687                            1.76e-02  2_[-1(1.84e-05)]_1
14688                            4.03e-01  11
14689                            7.97e-01  11
14690                            5.00e-01  11
14691                            3.68e-01  11
14692                            5.40e-01  11
14693                            2.16e-01  11
14694                            9.36e-02  11
14695                            5.14e-01  11
14696                            3.62e-01  11
14697                            1.67e-01  11
14698                            3.26e-01  11
14699                            4.13e-01  11
14700                            5.01e-01  11
14701                            2.94e-01  11
14702                            1.93e-01  11
14703                            6.50e-01  11
14704                            3.44e-01  11
14705                            4.32e-01  11
14706                            3.90e-01  11
14707                            1.72e-01  11
14708                            7.38e-02  11
14709                            4.92e-01  11
14710                            2.98e-01  11
14711                            2.86e-02  3_[-1(1.84e-05)]
14712                            9.83e-01  11
14713                            6.23e-02  3_[-1(6.56e-05)]
14714                            6.12e-01  11
14715                            5.39e-01  11
14716                            9.67e-01  11
14717                            1.68e-01  11
14718                            5.20e-01  11
14719                            3.80e-01  11
14720                            1.49e-01  11
14721                            6.25e-01  11
14722                            1.12e-01  11
14723                            1.13e-03  [+2(7.82e-06)]
14724                            3.10e-01  11
14725                            1.50e-01  11
14726                            3.36e-01  11
14727                            5.31e-01  11
14728                            2.16e-01  11
14729                            7.68e-01  11
14730                            8.05e-01  11
14731                            8.64e-04  [-2(4.96e-07)]
14732                            2.94e-02  [-1(6.56e-05)]_3
14733                            6.31e-01  11
14734                            7.79e-01  11
14735                            1.97e-01  11
14736                            9.07e-01  11
14737                            8.11e-01  11
14738                            4.00e-01  11
14739                            6.41e-01  11
14740                            7.22e-01  11
14741                            5.57e-01  11
14742                            2.82e-01  11
14743                            6.84e-01  11
14744                            3.47e-02  1_[-6(3.27e-05)]_2
14745                            3.01e-02  11
14746                            3.06e-01  11
14747                            7.61e-01  11
14748                            5.18e-01  11
14749                            6.35e-01  11
14750                            3.97e-01  11
14751                            9.33e-01  11
14752                            4.03e-01  11
14753                            3.41e-01  11
14754                            7.85e-01  11
14755                            4.24e-03  2_[-6(1.43e-05)]_1
14756                            7.71e-01  11
14757                            2.54e-03  [+5(8.28e-07)]
14758                            4.35e-03  [+2(2.29e-06)]
14759                            3.51e-01  11
14760                            1.44e-01  11
14761                            6.41e-01  11
14762                            3.40e-01  11
14763                            2.87e-01  11
14764                            2.29e-04  [-3(4.96e-07)]
14765                            5.46e-01  11
14766                            8.66e-01  11
14767                            1.06e-01  11
14768                            5.70e-01  11
14769                            3.66e-01  11
14770                            6.69e-01  11
14771                            8.76e-01  11
14772                            2.22e-01  11
14773                            8.07e-01  11
14774                            1.58e-01  11
14775                            3.39e-01  11
14776                            5.01e-02  11
14777                            1.56e-01  11
14778                            1.55e-01  11
14779                            1.75e-01  11
14780                            3.86e-01  11
14781                            7.53e-01  11
14782                            4.30e-01  11
14783                            4.45e-01  11
14784                            8.07e-01  11
14785                            9.94e-01  11
14786                            7.58e-01  11
14787                            5.51e-01  11
14788                            7.48e-02  11
14789                            2.02e-01  11
14790                            1.06e-03  [-3(4.83e-06)]
14791                            8.17e-01  11
14792                            3.36e-01  11
14793                            8.07e-01  11
14794                            2.12e-01  11
14795                            5.91e-01  11
14796                            1.31e-01  11
14797                            9.32e-01  11
14798                            6.54e-01  11
14799                            9.35e-01  11
14800                            9.22e-01  11
14801                            7.17e-01  11
14802                            8.23e-01  11
14803                            4.30e-01  11
14804                            8.40e-02  11
14805                            5.00e-02  [-1(1.84e-05)]_3
14806                            2.26e-01  11
14807                            2.87e-01  11
14808                            4.73e-01  11
14809                            1.72e-01  11
14810                            8.27e-01  11
14811                            8.72e-01  11
14812                            9.29e-01  11
14813                            2.33e-01  11
14814                            2.13e-01  11
14815                            1.20e-01  11
14816                            3.56e-01  11
14817                            8.02e-01  11
14818                            4.91e-01  11
14819                            1.52e-03  1_[+6(1.43e-05)]_2
14820                            4.63e-01  11
14821                            1.34e-01  11
14822                            1.31e-04  [+3(4.96e-07)]
14823                            9.24e-02  11
14824                            8.94e-01  11
14825                            3.84e-01  11
14826                            5.33e-01  11
14827                            7.64e-01  11
14828                            1.80e-01  11
14829                            4.12e-01  11
14830                            7.09e-01  11
14831                            3.05e-01  11
14832                            2.13e-01  11
14833                            2.67e-03  [+3(4.83e-06)]
14834                            6.25e-01  11
14835                            3.74e-01  11
14836                            3.44e-01  11
14837                            4.77e-01  11
14838                            2.81e-01  11
14839                            7.54e-01  11
14840                            6.34e-01  11
14841                            7.28e-01  11
14842                            1.41e-02  3_[-1(4.20e-05)]
14843                            2.08e-01  11
14844                            9.68e-01  11
14845                            4.24e-01  11
14846                            5.07e-01  11
14847                            4.20e-01  11
14848                            3.92e-01  11
14849                            5.15e-01  11
14850                            5.92e-02  11
14851                            2.30e-01  11
14852                            6.59e-01  11
14853                            8.67e-01  11
14854                            3.12e-01  11
14855                            6.65e-01  11
14856                            6.64e-01  11
14857                            9.49e-02  11
14858                            5.57e-01  11
14859                            2.18e-01  11
14860                            6.27e-01  11
14861                            2.46e-01  11
14862                            9.33e-01  11
14863                            2.20e-01  11
14864                            8.73e-01  11
14865                            8.75e-01  11
14866                            7.85e-01  11
14867                            3.25e-01  11
14868                            9.88e-02  11
14869                            6.56e-01  11
14870                            4.50e-01  11
14871                            6.54e-01  11
14872                            8.96e-01  11
14873                            8.65e-01  11
14874                            9.38e-01  11
14875                            3.18e-01  11
14876                            1.45e-01  11
14877                            6.25e-01  11
14878                            1.92e-01  11
14879                            3.77e-01  11
14880                            8.04e-01  11
14881                            7.85e-01  11
14882                            5.38e-01  11
14883                            6.34e-01  11
14884                            7.41e-01  11
14885                            7.22e-01  11
14886                            7.64e-01  11
14887                            8.54e-03  11
14888                            2.54e-01  11
14889                            7.38e-01  11
14890                            5.45e-01  11
14891                            3.10e-01  11
14892                            5.81e-01  11
14893                            3.22e-01  11
14894                            7.32e-01  11
14895                            3.49e-01  11
14896                            9.43e-01  11
14897                            5.99e-01  11
14898                            7.68e-01  11
14899                            8.17e-01  11
14900                            7.71e-01  11
14901                            8.19e-01  11
14902                            8.68e-01  11
14903                            8.10e-04  [+4(6.89e-07)]
14904                            2.03e-01  11
14905                            8.55e-01  11
14906                            6.19e-01  11
14907                            5.08e-01  11
14908                            3.15e-01  11
14909                            5.44e-01  11
14910                            9.56e-01  11
14911                            3.50e-01  11
14912                            6.55e-01  11
14913                            6.15e-01  11
14914                            4.21e-01  11
14915                            7.13e-01  11
14916                            1.76e-01  11
14917                            7.19e-01  11
14918                            4.76e-04  [+4(2.28e-06)]
14919                            7.94e-01  11
14920                            2.93e-01  11
14921                            5.84e-01  11
14922                            7.02e-01  11
14923                            8.78e-01  11
14924                            5.11e-01  11
14925                            8.81e-01  11
14926                            3.97e-01  11
14927                            5.45e-01  11
14928                            6.88e-01  11
14929                            6.43e-01  11
14930                            5.16e-01  11
14931                            5.95e-01  11
14932                            2.32e-01  11
14933                            6.23e-01  11
14934                            5.21e-01  11
14935                            3.14e-01  11
14936                            7.48e-01  11
14937                            8.04e-01  11
14938                            5.03e-01  11
14939                            2.46e-01  11
14940                            7.64e-01  11
14941                            5.29e-02  11
14942                            7.85e-01  11
14943                            2.10e-01  11
14944                            4.91e-01  11
14945                            3.63e-01  11
14946                            6.73e-01  11
14947                            9.06e-01  11
14948                            5.65e-01  11
14949                            8.52e-01  11
14950                            5.48e-01  11
14951                            6.45e-01  11
14952                            3.35e-02  11
14953                            1.49e-02  11
14954                            6.51e-01  11
14955                            8.20e-01  11
14956                            6.53e-01  11
14957                            1.32e-01  11
14958                            9.48e-01  11
14959                            4.94e-01  11
14960                            4.68e-02  1_[+1(1.84e-05)]_2
14961                            7.37e-01  11
14962                            5.30e-01  11
14963                            4.03e-01  11
14964                            9.69e-01  11
14965                            7.51e-01  11
14966                            7.09e-01  11
14967                            9.08e-01  11
14968                            4.81e-01  11
14969                            2.85e-01  11
14970                            3.63e-01  11
14971                            4.07e-01  11
14972                            2.49e-01  11
14973                            4.86e-01  11
14974                            4.94e-01  11
14975                            3.23e-01  11
14976                            2.16e-01  11
14977                            3.79e-01  11
14978                            3.68e-01  11
14979                            1.73e-01  11
14980                            4.53e-01  11
14981                            5.34e-01  11
14982                            7.72e-01  11
14983                            6.18e-01  11
14984                            3.71e-01  11
14985                            3.36e-01  11
14986                            7.25e-01  11
14987                            7.04e-01  11
14988                            5.16e-01  11
14989                            8.60e-01  11
14990                            3.35e-01  11
14991                            8.03e-01  11
14992                            4.80e-01  11
14993                            2.35e-01  11
14994                            8.10e-04  [-4(6.89e-07)]
14995                            6.04e-01  11
14996                            9.01e-01  11
14997                            4.73e-01  11
14998                            7.35e-01  11
14999                            8.92e-02  11
15000                            3.34e-01  11
15001                            3.41e-01  11
15002                            6.86e-01  11
15003                            3.10e-01  11
15004                            7.52e-01  11
15005                            6.02e-01  11
15006                            7.58e-01  11
15007                            3.74e-01  11
15008                            6.00e-01  11
15009                            5.19e-01  11
15010                            8.63e-01  11
15011                            3.68e-01  11
15012                            8.06e-01  11
15013                            3.96e-02  11
15014                            3.66e-01  11
15015                            7.47e-01  11
15016                            2.93e-01  11
15017                            2.35e-01  11
15018                            5.65e-01  11
15019                            2.11e-01  11
15020                            3.03e-01  11
15021                            4.08e-01  11
15022                            4.09e-01  11
15023                            5.50e-01  11
15024                            9.19e-01  11
15025                            8.69e-01  11
15026                            4.91e-01  11
15027                            7.58e-01  11
15028                            3.58e-01  11
15029                            9.33e-01  11
15030                            6.32e-01  11
15031                            7.40e-01  11
15032                            1.23e-01  11
15033                            4.98e-01  11
15034                            4.18e-01  11
15035                            6.34e-01  11
15036                            1.02e-01  11
15037                            7.32e-01  11
15038                            8.78e-01  11
15039                            5.88e-01  11
15040                            6.37e-01  11
15041                            4.35e-01  11
15042                            4.86e-01  11
15043                            8.60e-02  11
15044                            6.05e-01  11
15045                            6.73e-01  11
15046                            1.15e-01  11
15047                            5.17e-01  11
15048                            4.51e-01  11
15049                            9.20e-01  11
15050                            5.72e-02  11
15051                            9.88e-01  11
15052                            3.10e-01  11
15053                            2.90e-01  11
15054                            2.19e-03  [+4(5.08e-06)]
15055                            6.55e-01  11
15056                            4.70e-01  11
15057                            3.95e-01  11
15058                            2.39e-02  11
15059                            3.05e-01  11
15060                            6.85e-02  11
15061                            6.63e-01  11
15062                            1.94e-01  11
15063                            5.82e-01  11
15064                            4.20e-01  11
15065                            2.83e-01  11
15066                            4.68e-01  11
15067                            3.21e-01  11
15068                            2.81e-01  11
15069                            1.37e-03  2_[+1(1.84e-05)]_1
15070                            7.02e-01  11
15071                            1.09e-01  11
15072                            9.57e-01  11
15073                            2.89e-01  11
15074                            7.18e-01  11
15075                            5.17e-01  11
15076                            2.94e-01  11
15077                            1.88e-01  11
15078                            5.42e-01  11
15079                            7.51e-01  11
15080                            3.79e-01  11
15081                            4.09e-01  11
15082                            3.57e-01  11
15083                            4.84e-01  11
15084                            5.44e-01  11
15085                            7.40e-01  11
15086                            4.64e-01  11
15087                            4.87e-01  11
15088                            6.78e-01  11
15089                            7.11e-01  11
15090                            2.22e-01  11
15091                            2.46e-01  11
15092                            1.58e-01  11
15093                            5.72e-01  11
15094                            7.99e-01  11
15095                            3.58e-01  11
15096                            4.75e-01  11
15097                            9.15e-01  11
15098                            4.83e-01  11
15099                            3.55e-01  11
15100                            3.00e-01  11
15101                            1.76e-01  11
15102                            4.42e-01  11
15103                            4.75e-01  11
15104                            2.46e-01  11
15105                            9.66e-01  11
15106                            8.14e-02  11
15107                            5.80e-01  11
15108                            2.49e-01  11
15109                            6.52e-01  11
15110                            5.51e-01  11
15111                            1.75e-01  11
15112                            6.03e-01  11
15113                            5.85e-01  11
15114                            3.45e-01  11
15115                            1.04e-01  11
15116                            1.99e-01  11
15117                            4.77e-01  11
15118                            1.24e-01  11
15119                            7.74e-01  11
15120                            2.25e-01  11
15121                            5.97e-01  11
15122                            8.86e-01  11
15123                            5.97e-01  11
15124                            9.61e-01  11
15125                            7.61e-01  11
15126                            8.93e-01  11
15127                            2.94e-01  11
15128                            6.26e-01  11
15129                            8.32e-02  11
15130                            1.58e-01  11
15131                            2.46e-01  11
15132                            2.86e-01  11
15133                            9.75e-01  11
15134                            3.59e-01  11
15135                            3.40e-01  11
15136                            9.07e-01  11
15137                            5.81e-01  11
15138                            9.08e-03  3_[-6(1.43e-05)]
15139                            5.69e-01  11
15140                            8.85e-01  11
15141                            8.71e-01  11
15142                            6.31e-01  11
15143                            3.13e-01  11
15144                            5.77e-01  11
15145                            2.01e-01  11
15146                            8.07e-02  11
15147                            5.72e-01  11
15148                            4.01e-01  11
15149                            7.91e-01  11
15150                            2.98e-01  11
15151                            4.75e-01  11
15152                            7.95e-01  11
15153                            8.33e-01  11
15154                            9.27e-01  11
15155                            1.73e-01  11
15156                            7.07e-01  11
15157                            3.68e-01  11
15158                            2.63e-01  11
15159                            1.29e-01  11
15160                            5.37e-01  11
15161                            6.78e-01  11
15162                            3.41e-01  11
15163                            9.66e-01  11
15164                            5.90e-01  11
15165                            4.04e-01  11
15166                            2.03e-01  11
15167                            1.66e-01  11
15168                            4.79e-01  11
15169                            1.03e-01  1_[+1(6.56e-05)]_2
15170                            8.55e-01  11
15171                            1.79e-01  11
15172                            6.49e-01  11
15173                            1.30e-01  11
15174                            6.18e-01  11
15175                            5.91e-01  11
15176                            4.25e-02  11
15177                            2.89e-01  11
15178                            3.37e-01  11
15179                            2.99e-01  11
15180                            4.18e-01  11
15181                            4.59e-01  11
15182                            9.03e-01  11
15183                            9.16e-03  11
15184                            7.39e-01  11
15185                            5.97e-02  [+1(1.84e-05)]_3
15186                            2.94e-01  11
15187                            1.35e-01  11
15188                            1.45e-02  11
15189                            4.65e-01  11
15190                            2.94e-03  [+5(1.02e-06)]
15191                            2.94e-01  11
15192                            2.31e-01  11
15193                            1.65e-01  11
15194                            6.14e-01  11
15195                            5.50e-01  11
15196                            7.61e-01  11
15197                            2.35e-01  11
15198                            2.64e-01  11
15199                            1.40e-01  11
15200                            6.70e-01  11
15201                            7.46e-01  11
15202                            5.28e-01  11
15203                            7.67e-01  11
15204                            4.48e-01  11
15205                            8.22e-01  11
15206                            7.10e-01  11
15207                            2.73e-01  11
15208                            7.31e-02  11
15209                            6.97e-01  11
15210                            1.86e-01  11
15211                            9.38e-02  11
15212                            3.71e-01  11
15213                            2.12e-01  11
15214                            5.79e-01  11
15215                            4.43e-01  11
15216                            1.97e-03  [-2(1.55e-05)]
15217                            3.82e-01  11
15218                            7.10e-02  11
15219                            5.62e-01  11
15220                            8.08e-02  11
15221                            9.72e-01  11
15222                            5.75e-01  11
15223                            3.66e-01  11
15224                            2.55e-01  11
15225                            7.48e-01  11
15226                            7.81e-02  11
15227                            1.31e-01  11
--------------------------------------------------------------------------------

********************************************************************************


********************************************************************************
Stopped because requested number of motifs (6) found.
********************************************************************************

CPU: ip-172-31-25-197

********************************************************************************
