********************************************************************************
MEME - Motif discovery tool
********************************************************************************
MEME version 5.5.5 (Release date: Thu Sep 14 08:48:04 2023 +1000)

For further information on how to interpret these results please access http://meme-suite.org.
To get a copy of the MEME Suite software please access https://meme-suite.org.

********************************************************************************


********************************************************************************
REFERENCE
********************************************************************************
If you use this program in your research, please cite:

Timothy L. Bailey and Charles Elkan,
"Fitting a mixture model by expectation maximization to
discover motifs in biopolymers",
Proceedings of the Second International Conference on Intelligent Systems
for Molecular Biology, pp. 28-36, AAAI Press, Menlo Park, California, 1994.
********************************************************************************


********************************************************************************
TRAINING SET
********************************************************************************
PRIMARY SEQUENCES= data/tmp_memedir/10_FALSE_TRUE_FALSE_90_15_53_89/ZNF518B.fasta
CONTROL SEQUENCES= --none--
ALPHABET= ACGT
Sequence name            Weight Length  Sequence name            Weight Length  
-------------            ------ ------  -------------            ------ ------  
9830                     1.0000     21  9831                     1.0000     21  
9832                     1.0000     21  9833                     1.0000     21  
9834                     1.0000     21  9835                     1.0000     21  
9836                     1.0000     21  9837                     1.0000     21  
9838                     1.0000     21  9839                     1.0000     21  
9840                     1.0000     21  9841                     1.0000     21  
9842                     1.0000     21  9843                     1.0000     21  
9844                     1.0000     21  9845                     1.0000     21  
9846                     1.0000     21  9847                     1.0000     21  
9848                     1.0000     21  9849                     1.0000     21  
9850                     1.0000     21  9851                     1.0000     21  
9852                     1.0000     21  9853                     1.0000     21  
9854                     1.0000     21  9855                     1.0000     21  
9856                     1.0000     21  9857                     1.0000     21  
9858                     1.0000     21  9859                     1.0000     21  
9860                     1.0000     21  9861                     1.0000     21  
9862                     1.0000     21  9863                     1.0000     21  
9864                     1.0000     21  9865                     1.0000     21  
9866                     1.0000     21  9867                     1.0000     21  
9868                     1.0000     21  9869                     1.0000     21  
9870                     1.0000     21  9871                     1.0000     21  
9872                     1.0000     21  9873                     1.0000     21  
9874                     1.0000     21  9875                     1.0000     21  
9876                     1.0000     21  9877                     1.0000     21  
9878                     1.0000     21  9879                     1.0000     21  
9880                     1.0000     21  9881                     1.0000     21  
9882                     1.0000     21  9883                     1.0000     21  
9884                     1.0000     21  9885                     1.0000     21  
9886                     1.0000     21  9887                     1.0000     21  
9888                     1.0000     21  9889                     1.0000     21  
9890                     1.0000     21  9891                     1.0000     21  
9892                     1.0000     21  9893                     1.0000     21  
9894                     1.0000     21  9895                     1.0000     21  
9896                     1.0000     21  9897                     1.0000     21  
9898                     1.0000     21  9899                     1.0000     21  
9900                     1.0000     21  9901                     1.0000     21  
9902                     1.0000     21  9903                     1.0000     21  
9904                     1.0000     21  9905                     1.0000     21  
9906                     1.0000     21  9907                     1.0000     21  
9908                     1.0000     21  9909                     1.0000     21  
9910                     1.0000     21  9911                     1.0000     21  
9912                     1.0000     21  9913                     1.0000     21  
9914                     1.0000     21  9915                     1.0000     21  
9916                     1.0000     21  9917                     1.0000     21  
9918                     1.0000     21  9919                     1.0000     21  
9920                     1.0000     21  9921                     1.0000     21  
9922                     1.0000     21  9923                     1.0000     21  
9924                     1.0000     21  9925                     1.0000     21  
9926                     1.0000     21  9927                     1.0000     21  
9928                     1.0000     21  9929                     1.0000     21  
9930                     1.0000     21  9931                     1.0000     21  
9932                     1.0000     21  9933                     1.0000     21  
9934                     1.0000     21  9935                     1.0000     21  
9936                     1.0000     21  9937                     1.0000     21  
9938                     1.0000     21  9939                     1.0000     21  
9940                     1.0000     21  9941                     1.0000     21  
9942                     1.0000     21  9943                     1.0000     21  
9944                     1.0000     21  9945                     1.0000     21  
9946                     1.0000     21  9947                     1.0000     21  
9948                     1.0000     21  9949                     1.0000     21  
9950                     1.0000     21  9951                     1.0000     21  
9952                     1.0000     21  9953                     1.0000     21  
9954                     1.0000     21  9955                     1.0000     21  
9956                     1.0000     21  9957                     1.0000     21  
9958                     1.0000     21  9959                     1.0000     21  
9960                     1.0000     21  9961                     1.0000     21  
9962                     1.0000     21  9963                     1.0000     21  
9964                     1.0000     21  9965                     1.0000     21  
9966                     1.0000     21  9967                     1.0000     21  
9968                     1.0000     21  9969                     1.0000     21  
9970                     1.0000     21  9971                     1.0000     21  
9972                     1.0000     21  9973                     1.0000     21  
9974                     1.0000     21  9975                     1.0000     21  
9976                     1.0000     21  9977                     1.0000     21  
9978                     1.0000     21  9979                     1.0000     21  
9980                     1.0000     21  9981                     1.0000     21  
9982                     1.0000     21  9983                     1.0000     21  
9984                     1.0000     21  9985                     1.0000     21  
9986                     1.0000     21  9987                     1.0000     21  
9988                     1.0000     21  9989                     1.0000     21  
9990                     1.0000     21  9991                     1.0000     21  
9992                     1.0000     21  9993                     1.0000     21  
9994                     1.0000     21  9995                     1.0000     21  
9996                     1.0000     21  9997                     1.0000     21  
9998                     1.0000     21  9999                     1.0000     21  
10000                    1.0000     21  10001                    1.0000     21  
10002                    1.0000     21  10003                    1.0000     21  
10004                    1.0000     21  10005                    1.0000     21  
10006                    1.0000     21  10007                    1.0000     21  
10008                    1.0000     21  10009                    1.0000     21  
10010                    1.0000     21  10011                    1.0000     21  
10012                    1.0000     21  10013                    1.0000     21  
10014                    1.0000     21  10015                    1.0000     21  
10016                    1.0000     21  10017                    1.0000     21  
10018                    1.0000     21  10019                    1.0000     21  
10020                    1.0000     21  10021                    1.0000     21  
10022                    1.0000     21  10023                    1.0000     21  
10024                    1.0000     21  10025                    1.0000     21  
10026                    1.0000     21  10027                    1.0000     21  
10028                    1.0000     21  10029                    1.0000     21  
10030                    1.0000     21  10031                    1.0000     21  
10032                    1.0000     21  10033                    1.0000     21  
10034                    1.0000     21  10035                    1.0000     21  
10036                    1.0000     21  10037                    1.0000     21  
10038                    1.0000     21  10039                    1.0000     21  
10040                    1.0000     21  10041                    1.0000     21  
10042                    1.0000     21  10043                    1.0000     21  
10044                    1.0000     21  10045                    1.0000     21  
10046                    1.0000     21  10047                    1.0000     21  
10048                    1.0000     21  10049                    1.0000     21  
10050                    1.0000     21  10051                    1.0000     21  
10052                    1.0000     21  10053                    1.0000     21  
10054                    1.0000     21  10055                    1.0000     21  
10056                    1.0000     21  10057                    1.0000     21  
10058                    1.0000     21  10059                    1.0000     21  
10060                    1.0000     21  10061                    1.0000     21  
10062                    1.0000     21  10063                    1.0000     21  
10064                    1.0000     21  10065                    1.0000     21  
10066                    1.0000     21  10067                    1.0000     21  
10068                    1.0000     21  10069                    1.0000     21  
10070                    1.0000     21  10071                    1.0000     21  
10072                    1.0000     21  10073                    1.0000     21  
10074                    1.0000     21  10075                    1.0000     21  
10076                    1.0000     21  10077                    1.0000     21  
10078                    1.0000     21  10079                    1.0000     21  
10080                    1.0000     21  10081                    1.0000     21  
10082                    1.0000     21  10083                    1.0000     21  
10084                    1.0000     21  10085                    1.0000     21  
10086                    1.0000     21  10087                    1.0000     21  
10088                    1.0000     21  10089                    1.0000     21  
10090                    1.0000     21  10091                    1.0000     21  
10092                    1.0000     21  10093                    1.0000     21  
10094                    1.0000     21  10095                    1.0000     21  
10096                    1.0000     21  10097                    1.0000     21  
10098                    1.0000     21  10099                    1.0000     21  
10100                    1.0000     21  10101                    1.0000     21  
10102                    1.0000     21  10103                    1.0000     21  
10104                    1.0000     21  10105                    1.0000     21  
10106                    1.0000     21  10107                    1.0000     21  
10108                    1.0000     21  10109                    1.0000     21  
10110                    1.0000     21  10111                    1.0000     21  
10112                    1.0000     21  10113                    1.0000     21  
10114                    1.0000     21  10115                    1.0000     21  
10116                    1.0000     21  10117                    1.0000     21  
10118                    1.0000     21  10119                    1.0000     21  
10120                    1.0000     21  10121                    1.0000     21  
10122                    1.0000     21  10123                    1.0000     21  
10124                    1.0000     21  10125                    1.0000     21  
10126                    1.0000     21  10127                    1.0000     21  
10128                    1.0000     21  10129                    1.0000     21  
10130                    1.0000     21  10131                    1.0000     21  
10132                    1.0000     21  10133                    1.0000     21  
10134                    1.0000     21  10135                    1.0000     21  
10136                    1.0000     21  10137                    1.0000     21  
10138                    1.0000     21  10139                    1.0000     21  
10140                    1.0000     21  10141                    1.0000     21  
10142                    1.0000     21  10143                    1.0000     21  
10144                    1.0000     21  10145                    1.0000     21  
10146                    1.0000     21  10147                    1.0000     21  
10148                    1.0000     21  10149                    1.0000     21  
10150                    1.0000     21  10151                    1.0000     21  
10152                    1.0000     21  10153                    1.0000     21  
10154                    1.0000     21  10155                    1.0000     21  
10156                    1.0000     21  10157                    1.0000     21  
10158                    1.0000     21  10159                    1.0000     21  
10160                    1.0000     21  10161                    1.0000     21  
10162                    1.0000     21  10163                    1.0000     21  
10164                    1.0000     21  10165                    1.0000     21  
10166                    1.0000     21  10167                    1.0000     21  
10168                    1.0000     21  10169                    1.0000     21  
10170                    1.0000     21  10171                    1.0000     21  
10172                    1.0000     21  10173                    1.0000     21  
10174                    1.0000     21  10175                    1.0000     21  
10176                    1.0000     21  10177                    1.0000     21  
10178                    1.0000     21  10179                    1.0000     21  
10180                    1.0000     21  10181                    1.0000     21  
10182                    1.0000     21  10183                    1.0000     21  
10184                    1.0000     21  10185                    1.0000     21  
10186                    1.0000     21  10187                    1.0000     21  
10188                    1.0000     21  10189                    1.0000     21  
10190                    1.0000     21  10191                    1.0000     21  
10192                    1.0000     21  10193                    1.0000     21  
10194                    1.0000     21  10195                    1.0000     21  
10196                    1.0000     21  10197                    1.0000     21  
10198                    1.0000     21  10199                    1.0000     21  
10200                    1.0000     21  10201                    1.0000     21  
10202                    1.0000     21  10203                    1.0000     21  
10204                    1.0000     21  10205                    1.0000     21  
10206                    1.0000     21  10207                    1.0000     21  
10208                    1.0000     21  10209                    1.0000     21  
10210                    1.0000     21  10211                    1.0000     21  
10212                    1.0000     21  10213                    1.0000     21  
10214                    1.0000     21  10215                    1.0000     21  
10216                    1.0000     21  10217                    1.0000     21  
10218                    1.0000     21  10219                    1.0000     21  
10220                    1.0000     21  10221                    1.0000     21  
10222                    1.0000     21  10223                    1.0000     21  
10224                    1.0000     21  10225                    1.0000     21  
10226                    1.0000     21  10227                    1.0000     21  
10228                    1.0000     21  10229                    1.0000     21  
10230                    1.0000     21  10231                    1.0000     21  
10232                    1.0000     21  10233                    1.0000     21  
10234                    1.0000     21  10235                    1.0000     21  
10236                    1.0000     21  10237                    1.0000     21  
10238                    1.0000     21  10239                    1.0000     21  
10240                    1.0000     21  10241                    1.0000     21  
10242                    1.0000     21  10243                    1.0000     21  
10244                    1.0000     21  10245                    1.0000     21  
10246                    1.0000     21  10247                    1.0000     21  
10248                    1.0000     21  10249                    1.0000     21  
10250                    1.0000     21  10251                    1.0000     21  
10252                    1.0000     21  10253                    1.0000     21  
10254                    1.0000     21  10255                    1.0000     21  
10256                    1.0000     21  10257                    1.0000     21  
10258                    1.0000     21  10259                    1.0000     21  
10260                    1.0000     21  10261                    1.0000     21  
10262                    1.0000     21  10263                    1.0000     21  
10264                    1.0000     21  10265                    1.0000     21  
10266                    1.0000     21  10267                    1.0000     21  
10268                    1.0000     21  10269                    1.0000     21  
10270                    1.0000     21  10271                    1.0000     21  
10272                    1.0000     21  10273                    1.0000     21  
10274                    1.0000     21  10275                    1.0000     21  
10276                    1.0000     21  10277                    1.0000     21  
10278                    1.0000     21  10279                    1.0000     21  
********************************************************************************

********************************************************************************
COMMAND LINE SUMMARY
********************************************************************************
This information can also be useful in the event you wish to report a
problem with the MEME software.

command: meme data/tmp_memedir/10_FALSE_TRUE_FALSE_90_15_53_89/ZNF518B.fasta -oc data/tmp_memedir/10_FALSE_TRUE_FALSE_90_15_53_89/ZNF518B -nmotifs 6 -dna -maxw 15 -p 3 -seed 53 

model:  mod=         zoops    nmotifs=         6    evt=           inf
objective function:           em=       E-value of product of p-values
                              starts=   E-value of product of p-values
strands: +
width:  minw=            8    maxw=           15
nsites: minsites=        2    maxsites=      450    wnsites=       0.8
theta:  spmap=         uni    spfuzz=        0.5
em:     prior=   dirichlet    b=            0.01    maxiter=        50
        distance=    1e-05
trim:   wg=             11    ws=              1    endgaps=       yes
data:   n=            9450    N=             450
sample: seed=           53    hsfrac=          0
        searchsize=   9450    norand=         no    csites=       1000
Letter frequencies in dataset:
A 0.257 C 0.237 G 0.243 T 0.263 
Background letter frequencies (from file dataset with add-one prior applied):
A 0.257 C 0.237 G 0.243 T 0.263 
Background model order: 0
********************************************************************************


********************************************************************************
MOTIF RTAGADNTCTA MEME-1	width =  11  sites =  80  llr = 705  E-value = 1.2e-105
********************************************************************************
--------------------------------------------------------------------------------
	Motif RTAGADNTCTA MEME-1 Description
--------------------------------------------------------------------------------
Simplified        A  4:9:7231::a
pos.-specific     C  :::::223a1:
probability       G  6:1a222::::
matrix            T  1a::1436:9:

         bits    2.1    *    *  
                 1.9    *    * *
                 1.7  ***    * *
                 1.5  ***    ***
Relative         1.2  ***    ***
Entropy          1.0  ***    ***
(12.7 bits)      0.8  ***    ***
                 0.6 *****  ****
                 0.4 *****  ****
                 0.2 *****  ****
                 0.0 -----------

Multilevel           GTAGATATCTA
consensus            A    GTC   
sequence                  AG    
                                
--------------------------------------------------------------------------------

--------------------------------------------------------------------------------
	Motif RTAGADNTCTA MEME-1 sites sorted by position p-value
--------------------------------------------------------------------------------
Sequence name             Start   P-value               Site  
-------------             ----- ---------            -----------
10262                         7  5.91e-07     CTTGTT GTAGATTTCTA CATC      
10190                        10  5.91e-07  TTTTGTTTG GTAGATTTCTA C         
10032                         3  8.67e-07         CT GTAGATGTCTA CTAAGGCC  
10003                         1  8.67e-07          . GTAGATGTCTA TTAGGTCCAC
9886                         10  8.67e-07  GGGTCTGCA GTAGATGTCTA C         
10086                         5  1.72e-06       AAAA GTAGATCTCTA TCTGAG    
9917                          6  1.72e-06      CATCC ATAGATATCTA TCCAT     
9914                          4  1.72e-06        GAA ATAGATATCTA CTTCTCA   
9912                         10  1.72e-06  CTTCCATTT GTAGAGATCTA C         
9852                          7  1.72e-06     TTTTAA ATAGATATCTA TTGT      
10071                         3  2.59e-06         AA GTAGAGTTCTA AGGAACGT  
10048                         3  2.59e-06         TA GTAGAGTTCTA AGGCAGCC  
10010                         1  2.59e-06          . GTAGAAATCTA CCCAGTCTAC
9913                          7  2.59e-06     CTGGGG GTAGAGTTCTA CTCG      
9864                          1  2.89e-06          . GTAGAATTCTA TATTTTTCAC
10267                        10  3.70e-06  GTGGGAGTG GTAGAGGTCTA C         
9874                          6  3.70e-06      CAGCT GTAGATACCTA ACTGT     
10209                         8  5.32e-06    GTTAATT GTAGACATCTA CTT       
10179                         7  5.32e-06     TGTTCT GTAGACATCTA CAGA      
10156                         4  5.32e-06        CAA GTAGAGCTCTA CATGTGG   
10139                         1  5.32e-06          . ATAGATCTCTA TTTGTGGTTC
9951                          8  5.32e-06    TGTCTCT GTAGATTCCTA CTC       
10237                        11  6.44e-06 TTTATACATA ATAGAGTTCTA           
10128                         2  6.44e-06          A ATAGAGTTCTA TTCTTAGAA 
9985                         10  6.44e-06  AAAAAACTG ATAGAGTTCTA C         
10037                        11  7.00e-06 AGGTGACACA GTAGATGCCTA           
9989                          7  7.00e-06     TCAGCC ATAGAATTCTA TAGT      
9953                          8  7.00e-06    TTTGGAA GTAGATGCCTA CTA       
9832                         10  7.00e-06  ATGTATGTA ATAGAATTCTA T         
10205                         9  8.28e-06   TCTGCGTG GTAGATCCCTA CT        
9936                          4  8.28e-06        CTG GTAGACGTCTA CAGAACT   
10158                         2  1.01e-05          A ATAGACATCTA CAGAACTCT 
10078                         6  1.01e-05      ACCTA ATAGACATCTA CAGAA     
10275                         7  1.12e-05     AGTCCA GTAGAATCCTA CAAA      
10188                         7  1.12e-05     GCTTAG ATAGAACTCTA CACG      
10103                         8  1.20e-05    AGACTCA ATAGATGCCTA CAC       
10182                        10  1.35e-05  GCAATAGGA GTAGAAGCCTA A         
9911                          8  1.35e-05    AGTTGTG ATAGAGACCTA CTG       
10060                         6  1.53e-05      CCTAA GTAGGTGTCTA CAGCA     
10169                         2  1.80e-05          G GTAGGAATCTA CCTCATGTT 
10186                         8  2.25e-05    TCTAGCA GTAGGTACCTA CTC       
9931                          3  2.51e-05         CT GTAGGCATCTA AGGCGGGG  
10020                         7  2.97e-05     AAAAGT ATAGTTATCTA TACT      
9927                          3  3.88e-05         TA ATAGAAAACTA ACAGCTCA  
10192                         3  4.57e-05         AA GTAGAGGTCCA CTCCCTTT  
10272                         1  5.21e-05          . ATAGGTCCCTA CTTTTCATTG
10164                         2  5.21e-05          G ATGGATTTCTA AGCAGGGGA 
10047                        11  5.21e-05 TCTACTTCCA ATAGAAGACTA           
9981                          5  5.21e-05       CTGG GTAGAGCTCCA CTACAC    
10217                         3  5.66e-05         AT GTAGAACTCCA TTCTCATC  
9933                          8  5.66e-05    TCATTAT ATAGAACACTA CCA       
9855                          2  6.03e-05          C TTAGAATTCTA CAAATTATG 
9956                          8  6.70e-05    CTGGGGC ATAGTTTCCTA CTC       
10070                         6  7.78e-05      TTGCT GTAGAATCCCA AAATG     
10017                        11  7.78e-05 TAATGCTGCC TTAGAACTCTA           
9889                         11  7.78e-05 TATATAACAA ATAGACTTCCA           
10154                         5  8.36e-05       TTCT GTAGTCACCTA CTCTAT    
9890                         10  8.36e-05  CACACGAAT ATGGAGGTCTA C         
10184                         3  9.23e-05         CT ATAGCTATCTA ACACAGCA  
9861                          8  9.23e-05    CAGGAAA ATAGTGTCCTA TAG       
10030                         9  9.96e-05   TGGGCCAA GGAGAGTTCTA TC        
10035                         3  1.05e-04         GC ATAGGTATCCA TCTATTTG  
9863                         11  1.14e-04 GTAGATGCAA ATAGAGGCCCA           
10247                         5  1.25e-04       TTCA ATAGCTCTCTA CAACTT    
9966                          4  1.34e-04        TCT GTAGTAAACTA CAGAAAG   
10213                         9  1.42e-04   CTGCTATG ATAGGCAACTA CT        
10253                         9  1.66e-04   TTTCTTTT GTAGGTGCCCA CC        
10000                         3  1.66e-04         TA TTAGTTATCTA CCTTTTTA  
10222                         4  1.79e-04        ACT GTGGGGCTCTA GCACTTC   
10246                         3  1.99e-04         GG GTGGGTGCCTA CAGCAGGG  
9922                          9  1.99e-04   TAGCCTCG GTAGGTGGCTA TT        
10234                         7  2.70e-04     AACCTT GTAGGCAGCTA TCTT      
10143                        11  2.70e-04 CAGCTTCTCC GTGGGCACCTA           
10095                         4  2.70e-04        GCA ATAGTCCACTA CCCCTCC   
9857                         10  2.70e-04  CAGCAATGC CTAGAGCCCTA C         
9908                          6  2.97e-04      AAATA GGAGTTGTCTA CACTT     
10221                         5  3.35e-04       GTCT GTAGATCACTT AGCATG    
10185                        11  3.52e-04 TTACAGCCGT GTAGAGTACTT           
10159                         3  3.68e-04         AG GTGGGAAACTA CTATTTCT  
9925                          4  4.55e-04        CTT TGAGAATTCTA TTTATTT   
--------------------------------------------------------------------------------

--------------------------------------------------------------------------------
	Motif RTAGADNTCTA MEME-1 block diagrams
--------------------------------------------------------------------------------
SEQUENCE NAME            POSITION P-VALUE  MOTIF DIAGRAM
-------------            ----------------  -------------
10262                             5.9e-07  6_[+1]_4
10190                             5.9e-07  9_[+1]_1
10032                             8.7e-07  2_[+1]_8
10003                             8.7e-07  [+1]_10
9886                              8.7e-07  9_[+1]_1
10086                             1.7e-06  4_[+1]_6
9917                              1.7e-06  5_[+1]_5
9914                              1.7e-06  3_[+1]_7
9912                              1.7e-06  9_[+1]_1
9852                              1.7e-06  6_[+1]_4
10071                             2.6e-06  2_[+1]_8
10048                             2.6e-06  2_[+1]_8
10010                             2.6e-06  [+1]_10
9913                              2.6e-06  6_[+1]_4
9864                              2.9e-06  [+1]_10
10267                             3.7e-06  9_[+1]_1
9874                              3.7e-06  5_[+1]_5
10209                             5.3e-06  7_[+1]_3
10179                             5.3e-06  6_[+1]_4
10156                             5.3e-06  3_[+1]_7
10139                             5.3e-06  [+1]_10
9951                              5.3e-06  7_[+1]_3
10237                             6.4e-06  10_[+1]
10128                             6.4e-06  1_[+1]_9
9985                              6.4e-06  9_[+1]_1
10037                               7e-06  10_[+1]
9989                                7e-06  6_[+1]_4
9953                                7e-06  7_[+1]_3
9832                                7e-06  9_[+1]_1
10205                             8.3e-06  8_[+1]_2
9936                              8.3e-06  3_[+1]_7
10158                               1e-05  1_[+1]_9
10078                               1e-05  5_[+1]_5
10275                             1.1e-05  6_[+1]_4
10188                             1.1e-05  6_[+1]_4
10103                             1.2e-05  7_[+1]_3
10182                             1.4e-05  9_[+1]_1
9911                              1.4e-05  7_[+1]_3
10060                             1.5e-05  5_[+1]_5
10169                             1.8e-05  1_[+1]_9
10186                             2.2e-05  7_[+1]_3
9931                              2.5e-05  2_[+1]_8
10020                               3e-05  6_[+1]_4
9927                              3.9e-05  2_[+1]_8
10192                             4.6e-05  2_[+1]_8
10272                             5.2e-05  [+1]_10
10164                             5.2e-05  1_[+1]_9
10047                             5.2e-05  10_[+1]
9981                              5.2e-05  4_[+1]_6
10217                             5.7e-05  2_[+1]_8
9933                              5.7e-05  7_[+1]_3
9855                                6e-05  1_[+1]_9
9956                              6.7e-05  7_[+1]_3
10070                             7.8e-05  5_[+1]_5
10017                             7.8e-05  10_[+1]
9889                              7.8e-05  10_[+1]
10154                             8.4e-05  4_[+1]_6
9890                              8.4e-05  9_[+1]_1
10184                             9.2e-05  2_[+1]_8
9861                              9.2e-05  7_[+1]_3
10030                              0.0001  8_[+1]_2
10035                             0.00011  2_[+1]_8
9863                              0.00011  10_[+1]
10247                             0.00012  4_[+1]_6
9966                              0.00013  3_[+1]_7
10213                             0.00014  8_[+1]_2
10253                             0.00017  8_[+1]_2
10000                             0.00017  2_[+1]_8
10222                             0.00018  3_[+1]_7
10246                              0.0002  2_[+1]_8
9922                               0.0002  8_[+1]_2
10234                             0.00027  6_[+1]_4
10143                             0.00027  10_[+1]
10095                             0.00027  3_[+1]_7
9857                              0.00027  9_[+1]_1
9908                               0.0003  5_[+1]_5
10221                             0.00033  4_[+1]_6
10185                             0.00035  10_[+1]
10159                             0.00037  2_[+1]_8
9925                              0.00046  3_[+1]_7
--------------------------------------------------------------------------------

--------------------------------------------------------------------------------
	Motif RTAGADNTCTA MEME-1 in BLOCKS format
--------------------------------------------------------------------------------
BL   MOTIF RTAGADNTCTA width=11 seqs=80
10262                    (    7) GTAGATTTCTA  1 
10190                    (   10) GTAGATTTCTA  1 
10032                    (    3) GTAGATGTCTA  1 
10003                    (    1) GTAGATGTCTA  1 
9886                     (   10) GTAGATGTCTA  1 
10086                    (    5) GTAGATCTCTA  1 
9917                     (    6) ATAGATATCTA  1 
9914                     (    4) ATAGATATCTA  1 
9912                     (   10) GTAGAGATCTA  1 
9852                     (    7) ATAGATATCTA  1 
10071                    (    3) GTAGAGTTCTA  1 
10048                    (    3) GTAGAGTTCTA  1 
10010                    (    1) GTAGAAATCTA  1 
9913                     (    7) GTAGAGTTCTA  1 
9864                     (    1) GTAGAATTCTA  1 
10267                    (   10) GTAGAGGTCTA  1 
9874                     (    6) GTAGATACCTA  1 
10209                    (    8) GTAGACATCTA  1 
10179                    (    7) GTAGACATCTA  1 
10156                    (    4) GTAGAGCTCTA  1 
10139                    (    1) ATAGATCTCTA  1 
9951                     (    8) GTAGATTCCTA  1 
10237                    (   11) ATAGAGTTCTA  1 
10128                    (    2) ATAGAGTTCTA  1 
9985                     (   10) ATAGAGTTCTA  1 
10037                    (   11) GTAGATGCCTA  1 
9989                     (    7) ATAGAATTCTA  1 
9953                     (    8) GTAGATGCCTA  1 
9832                     (   10) ATAGAATTCTA  1 
10205                    (    9) GTAGATCCCTA  1 
9936                     (    4) GTAGACGTCTA  1 
10158                    (    2) ATAGACATCTA  1 
10078                    (    6) ATAGACATCTA  1 
10275                    (    7) GTAGAATCCTA  1 
10188                    (    7) ATAGAACTCTA  1 
10103                    (    8) ATAGATGCCTA  1 
10182                    (   10) GTAGAAGCCTA  1 
9911                     (    8) ATAGAGACCTA  1 
10060                    (    6) GTAGGTGTCTA  1 
10169                    (    2) GTAGGAATCTA  1 
10186                    (    8) GTAGGTACCTA  1 
9931                     (    3) GTAGGCATCTA  1 
10020                    (    7) ATAGTTATCTA  1 
9927                     (    3) ATAGAAAACTA  1 
10192                    (    3) GTAGAGGTCCA  1 
10272                    (    1) ATAGGTCCCTA  1 
10164                    (    2) ATGGATTTCTA  1 
10047                    (   11) ATAGAAGACTA  1 
9981                     (    5) GTAGAGCTCCA  1 
10217                    (    3) GTAGAACTCCA  1 
9933                     (    8) ATAGAACACTA  1 
9855                     (    2) TTAGAATTCTA  1 
9956                     (    8) ATAGTTTCCTA  1 
10070                    (    6) GTAGAATCCCA  1 
10017                    (   11) TTAGAACTCTA  1 
9889                     (   11) ATAGACTTCCA  1 
10154                    (    5) GTAGTCACCTA  1 
9890                     (   10) ATGGAGGTCTA  1 
10184                    (    3) ATAGCTATCTA  1 
9861                     (    8) ATAGTGTCCTA  1 
10030                    (    9) GGAGAGTTCTA  1 
10035                    (    3) ATAGGTATCCA  1 
9863                     (   11) ATAGAGGCCCA  1 
10247                    (    5) ATAGCTCTCTA  1 
9966                     (    4) GTAGTAAACTA  1 
10213                    (    9) ATAGGCAACTA  1 
10253                    (    9) GTAGGTGCCCA  1 
10000                    (    3) TTAGTTATCTA  1 
10222                    (    4) GTGGGGCTCTA  1 
10246                    (    3) GTGGGTGCCTA  1 
9922                     (    9) GTAGGTGGCTA  1 
10234                    (    7) GTAGGCAGCTA  1 
10143                    (   11) GTGGGCACCTA  1 
10095                    (    4) ATAGTCCACTA  1 
9857                     (   10) CTAGAGCCCTA  1 
9908                     (    6) GGAGTTGTCTA  1 
10221                    (    5) GTAGATCACTT  1 
10185                    (   11) GTAGAGTACTT  1 
10159                    (    3) GTGGGAAACTA  1 
9925                     (    4) TGAGAATTCTA  1 
//

--------------------------------------------------------------------------------

--------------------------------------------------------------------------------
	Motif RTAGADNTCTA MEME-1 position-specific scoring matrix
--------------------------------------------------------------------------------
log-odds matrix: alength= 4 w= 11 n= 4950 bayes= 6.88253 E= 1.2e-105 
    54   -424    121   -239 
 -1297  -1297   -269    187 
   185  -1297   -170  -1297 
 -1297  -1297    204  -1297 
   144   -324    -47   -139 
   -19    -66     -3     56 
    28    -34    -11      7 
  -119      8   -328    122 
 -1297    208  -1297  -1297 
 -1297   -124  -1297    178 
   192  -1297  -1297   -339 
--------------------------------------------------------------------------------

--------------------------------------------------------------------------------
	Motif RTAGADNTCTA MEME-1 position-specific probability matrix
--------------------------------------------------------------------------------
letter-probability matrix: alength= 4 w= 11 nsites= 80 E= 1.2e-105 
 0.375000  0.012500  0.562500  0.050000 
 0.000000  0.000000  0.037500  0.962500 
 0.925000  0.000000  0.075000  0.000000 
 0.000000  0.000000  1.000000  0.000000 
 0.700000  0.025000  0.175000  0.100000 
 0.225000  0.150000  0.237500  0.387500 
 0.312500  0.187500  0.225000  0.275000 
 0.112500  0.250000  0.025000  0.612500 
 0.000000  1.000000  0.000000  0.000000 
 0.000000  0.100000  0.000000  0.900000 
 0.975000  0.000000  0.000000  0.025000 
--------------------------------------------------------------------------------

--------------------------------------------------------------------------------
	Motif RTAGADNTCTA MEME-1 regular expression
--------------------------------------------------------------------------------
[GA]TAGA[TGA][ATG][TC]CTA
--------------------------------------------------------------------------------




Time  2.82 secs.

********************************************************************************


********************************************************************************
MOTIF TTWGGTCCAYTTK MEME-2	width =  13  sites =  12  llr = 130  E-value = 2.2e+000
********************************************************************************
--------------------------------------------------------------------------------
	Motif TTWGGTCCAYTTK MEME-2 Description
--------------------------------------------------------------------------------
Simplified        A  ::51::::6::::
pos.-specific     C  112:::8a24:::
probability       G  :3:981::31217
matrix            T  973:393::5893

         bits    2.1        *     
                 1.9        *     
                 1.7    *   *     
                 1.5 *  * * *   * 
Relative         1.2 *  *****  ** 
Entropy          1.0 *  *****  ***
(15.7 bits)      0.8 ** *****  ***
                 0.6 ** **********
                 0.4 *************
                 0.2 *************
                 0.0 -------------

Multilevel           TTAGGTCCATTTG
consensus             GT T T GC  T
sequence                          
                                  
--------------------------------------------------------------------------------

--------------------------------------------------------------------------------
	Motif TTWGGTCCAYTTK MEME-2 sites sorted by position p-value
--------------------------------------------------------------------------------
Sequence name             Start   P-value                Site   
-------------             ----- ---------            -------------
9871                          8  3.35e-08    ATGTCTA TTAGGTCCACTTG G         
9942                          2  1.52e-07          A TTAGGTCCGCTTG GTGCAAA   
10278                         8  1.01e-06    AGCTGGG TGAGTTCCATTTG T         
10203                         4  2.87e-06        GGC TTTAGTCCATTTG GGCTG     
10227                         2  3.73e-06          A TTAGGTCCACTGT AGATGTC   
10252                         2  5.92e-06          T TTTGGTTCCTTTT TATTACA   
10107                         7  6.44e-06     TGGAGT CGTGGTCCATTTG AC        
10055                         5  6.44e-06       TCTA TCAGGTCCAGTTG ATCC      
10233                         3  8.55e-06         CC TGCGGTTCACTTT TGCTCT    
10126                         3  1.13e-05         AA TTTGTTTCGTTTT GTTTTT    
10117                         5  1.50e-05       TCCA TTAGGGCCGTGTG CAGT      
10106                         3  1.79e-05         GA TTCGTTCCCCGTG GGAAGA    
--------------------------------------------------------------------------------

--------------------------------------------------------------------------------
	Motif TTWGGTCCAYTTK MEME-2 block diagrams
--------------------------------------------------------------------------------
SEQUENCE NAME            POSITION P-VALUE  MOTIF DIAGRAM
-------------            ----------------  -------------
9871                              3.3e-08  7_[+2]_1
9942                              1.5e-07  1_[+2]_7
10278                               1e-06  7_[+2]_1
10203                             2.9e-06  3_[+2]_5
10227                             3.7e-06  1_[+2]_7
10252                             5.9e-06  1_[+2]_7
10107                             6.4e-06  6_[+2]_2
10055                             6.4e-06  4_[+2]_4
10233                             8.5e-06  2_[+2]_6
10126                             1.1e-05  2_[+2]_6
10117                             1.5e-05  4_[+2]_4
10106                             1.8e-05  2_[+2]_6
--------------------------------------------------------------------------------

--------------------------------------------------------------------------------
	Motif TTWGGTCCAYTTK MEME-2 in BLOCKS format
--------------------------------------------------------------------------------
BL   MOTIF TTWGGTCCAYTTK width=13 seqs=12
9871                     (    8) TTAGGTCCACTTG  1 
9942                     (    2) TTAGGTCCGCTTG  1 
10278                    (    8) TGAGTTCCATTTG  1 
10203                    (    4) TTTAGTCCATTTG  1 
10227                    (    2) TTAGGTCCACTGT  1 
10252                    (    2) TTTGGTTCCTTTT  1 
10107                    (    7) CGTGGTCCATTTG  1 
10055                    (    5) TCAGGTCCAGTTG  1 
10233                    (    3) TGCGGTTCACTTT  1 
10126                    (    3) TTTGTTTCGTTTT  1 
10117                    (    5) TTAGGGCCGTGTG  1 
10106                    (    3) TTCGTTCCCCGTG  1 
//

--------------------------------------------------------------------------------

--------------------------------------------------------------------------------
	Motif TTWGGTCCAYTTK MEME-2 position-specific scoring matrix
--------------------------------------------------------------------------------
log-odds matrix: alength= 4 w= 13 n= 4050 bayes= 8.05228 E= 2.2e+000 
 -1023   -151  -1023    180 
 -1023   -151      4    134 
    96    -51  -1023     34 
  -162  -1023    191  -1023 
 -1023  -1023    163     -7 
 -1023  -1023   -154    180 
 -1023    166  -1023     -7 
 -1023    208  -1023  -1023 
   118    -51      4  -1023 
 -1023     81   -154     93 
 -1023  -1023    -54    166 
 -1023  -1023   -154    180 
 -1023  -1023    146     34 
--------------------------------------------------------------------------------

--------------------------------------------------------------------------------
	Motif TTWGGTCCAYTTK MEME-2 position-specific probability matrix
--------------------------------------------------------------------------------
letter-probability matrix: alength= 4 w= 13 nsites= 12 E= 2.2e+000 
 0.000000  0.083333  0.000000  0.916667 
 0.000000  0.083333  0.250000  0.666667 
 0.500000  0.166667  0.000000  0.333333 
 0.083333  0.000000  0.916667  0.000000 
 0.000000  0.000000  0.750000  0.250000 
 0.000000  0.000000  0.083333  0.916667 
 0.000000  0.750000  0.000000  0.250000 
 0.000000  1.000000  0.000000  0.000000 
 0.583333  0.166667  0.250000  0.000000 
 0.000000  0.416667  0.083333  0.500000 
 0.000000  0.000000  0.166667  0.833333 
 0.000000  0.000000  0.083333  0.916667 
 0.000000  0.000000  0.666667  0.333333 
--------------------------------------------------------------------------------

--------------------------------------------------------------------------------
	Motif TTWGGTCCAYTTK MEME-2 regular expression
--------------------------------------------------------------------------------
T[TG][AT]G[GT]T[CT]C[AG][TC]TT[GT]
--------------------------------------------------------------------------------




Time  3.81 secs.

********************************************************************************


********************************************************************************
MOTIF CTYGRGSCSNGGBWG MEME-3	width =  15  sites =  16  llr = 158  E-value = 8.5e+000
********************************************************************************
--------------------------------------------------------------------------------
	Motif CTYGRGSCSNGGBWG MEME-3 Description
--------------------------------------------------------------------------------
Simplified        A  :::14::1232:16:
pos.-specific     C  9132:15953::4:1
probability       G  1328675:337a3:8
matrix            T  :65::2:::21:341

         bits    2.1            *   
                 1.9            *   
                 1.7        *   *   
                 1.5 *      *   *   
Relative         1.2 *      *   *  *
Entropy          1.0 *  ** **   * **
(14.3 bits)      0.8 *  *****  ** **
                 0.6 ** ****** ** **
                 0.4 ********* ** **
                 0.2 ********* *****
                 0.0 ---------------

Multilevel           CTTGGGCCCGGGCAG
consensus             GC A G GA  GT 
sequence                      C  T  
                                    
--------------------------------------------------------------------------------

--------------------------------------------------------------------------------
	Motif CTYGRGSCSNGGBWG MEME-3 sites sorted by position p-value
--------------------------------------------------------------------------------
Sequence name             Start   P-value                 Site    
-------------             ----- ---------            ---------------
10046                         3  6.24e-07         AG CTTGGGGCCCGGAAG CGGA      
10119                         2  7.36e-07          G CGTGGGCCGAGGTAG AGAAC     
10063                         3  1.61e-06         CC CCTGGGGCGAGGGAG GTAG      
10173                         2  2.65e-06          G CTCGGGCCCGTGTTG TCTCA     
10265                         2  3.30e-06          G CGCGGCCCCCGGCTG CAGCT     
10194                         1  4.55e-06          . CTTGACCCCTGGTAG AAAACT    
9892                          6  8.27e-06      GTCCG CTTGGTGCAGAGCTG A         
9954                          3  1.30e-05         CT CTGGGGGCAGGGCAT ATCT      
9961                          5  1.54e-05       AAGG CTGAGGCCCTGGTAG AT        
9893                          7  1.54e-05     GGTCCA CTTGATCCAGAGCTG           
9830                          5  1.82e-05       ACCC CTCCATCCCAGGGTG TA        
10019                         5  2.31e-05       CGTG GGCGAGGCGAGGGAG GC        
9885                          3  2.89e-05         AT CCCCAGGCCCAGCAG GAGA      
9879                          7  2.89e-05     TTCTAC CTGCAGGCGGGGCTC           
10024                         7  3.11e-05     CTGTGT CTTGGGCAGCTGCTG           
10053                         7  4.41e-05     GGAAGG GGTGGGGCCTGGGAC           
--------------------------------------------------------------------------------

--------------------------------------------------------------------------------
	Motif CTYGRGSCSNGGBWG MEME-3 block diagrams
--------------------------------------------------------------------------------
SEQUENCE NAME            POSITION P-VALUE  MOTIF DIAGRAM
-------------            ----------------  -------------
10046                             6.2e-07  2_[+3]_4
10119                             7.4e-07  1_[+3]_5
10063                             1.6e-06  2_[+3]_4
10173                             2.6e-06  1_[+3]_5
10265                             3.3e-06  1_[+3]_5
10194                             4.5e-06  [+3]_6
9892                              8.3e-06  5_[+3]_1
9954                              1.3e-05  2_[+3]_4
9961                              1.5e-05  4_[+3]_2
9893                              1.5e-05  6_[+3]
9830                              1.8e-05  4_[+3]_2
10019                             2.3e-05  4_[+3]_2
9885                              2.9e-05  2_[+3]_4
9879                              2.9e-05  6_[+3]
10024                             3.1e-05  6_[+3]
10053                             4.4e-05  6_[+3]
--------------------------------------------------------------------------------

--------------------------------------------------------------------------------
	Motif CTYGRGSCSNGGBWG MEME-3 in BLOCKS format
--------------------------------------------------------------------------------
BL   MOTIF CTYGRGSCSNGGBWG width=15 seqs=16
10046                    (    3) CTTGGGGCCCGGAAG  1 
10119                    (    2) CGTGGGCCGAGGTAG  1 
10063                    (    3) CCTGGGGCGAGGGAG  1 
10173                    (    2) CTCGGGCCCGTGTTG  1 
10265                    (    2) CGCGGCCCCCGGCTG  1 
10194                    (    1) CTTGACCCCTGGTAG  1 
9892                     (    6) CTTGGTGCAGAGCTG  1 
9954                     (    3) CTGGGGGCAGGGCAT  1 
9961                     (    5) CTGAGGCCCTGGTAG  1 
9893                     (    7) CTTGATCCAGAGCTG  1 
9830                     (    5) CTCCATCCCAGGGTG  1 
10019                    (    5) GGCGAGGCGAGGGAG  1 
9885                     (    3) CCCCAGGCCCAGCAG  1 
9879                     (    7) CTGCAGGCGGGGCTC  1 
10024                    (    7) CTTGGGCAGCTGCTG  1 
10053                    (    7) GGTGGGGCCTGGGAC  1 
//

--------------------------------------------------------------------------------

--------------------------------------------------------------------------------
	Motif CTYGRGSCSNGGBWG MEME-3 position-specific scoring matrix
--------------------------------------------------------------------------------
log-odds matrix: alength= 4 w= 15 n= 3150 bayes= 8.3537 E= 8.5e+000 
 -1064    188    -96  -1064 
 -1064    -92      4    125 
 -1064     40    -37     93 
  -204    -34    163  -1064 
    54  -1064    136  -1064 
 -1064    -92    150    -49 
 -1064    108    104  -1064 
  -204    198  -1064  -1064 
   -46    108     36  -1064 
    -4      8     36    -49 
   -46  -1064    150   -107 
 -1064  -1064    204  -1064 
  -204     88      4     -7 
   113  -1064  -1064     74 
 -1064    -92    174   -207 
--------------------------------------------------------------------------------

--------------------------------------------------------------------------------
	Motif CTYGRGSCSNGGBWG MEME-3 position-specific probability matrix
--------------------------------------------------------------------------------
letter-probability matrix: alength= 4 w= 15 nsites= 16 E= 8.5e+000 
 0.000000  0.875000  0.125000  0.000000 
 0.000000  0.125000  0.250000  0.625000 
 0.000000  0.312500  0.187500  0.500000 
 0.062500  0.187500  0.750000  0.000000 
 0.375000  0.000000  0.625000  0.000000 
 0.000000  0.125000  0.687500  0.187500 
 0.000000  0.500000  0.500000  0.000000 
 0.062500  0.937500  0.000000  0.000000 
 0.187500  0.500000  0.312500  0.000000 
 0.250000  0.250000  0.312500  0.187500 
 0.187500  0.000000  0.687500  0.125000 
 0.000000  0.000000  1.000000  0.000000 
 0.062500  0.437500  0.250000  0.250000 
 0.562500  0.000000  0.000000  0.437500 
 0.000000  0.125000  0.812500  0.062500 
--------------------------------------------------------------------------------

--------------------------------------------------------------------------------
	Motif CTYGRGSCSNGGBWG MEME-3 regular expression
--------------------------------------------------------------------------------
C[TG][TC]G[GA]G[CG]C[CG][GAC]GG[CGT][AT]G
--------------------------------------------------------------------------------




Time  4.83 secs.

********************************************************************************


********************************************************************************
MOTIF GSACCAAGYGGACCT MEME-4	width =  15  sites =   3  llr = 59  E-value = 1.1e+001
********************************************************************************
--------------------------------------------------------------------------------
	Motif GSACCAAGYGGACCT MEME-4 Description
--------------------------------------------------------------------------------
Simplified        A  ::a::aa::::a:::
pos.-specific     C  :7:aa:::3:::aa:
probability       G  a3:::::a:aa::::
matrix            T  ::::::::7:::::a

         bits    2.1 *  **  * ** ** 
                 1.9 * ****** ******
                 1.7 * ****** ******
                 1.5 * ****** ******
Relative         1.2 ******** ******
Entropy          1.0 ***************
(28.4 bits)      0.8 ***************
                 0.6 ***************
                 0.4 ***************
                 0.2 ***************
                 0.0 ---------------

Multilevel           GCACCAAGTGGACCT
consensus             G      C      
sequence                            
                                    
--------------------------------------------------------------------------------

--------------------------------------------------------------------------------
	Motif GSACCAAGYGGACCT MEME-4 sites sorted by position p-value
--------------------------------------------------------------------------------
Sequence name             Start   P-value                 Site    
-------------             ----- ---------            ---------------
10075                         1  7.87e-10          . GCACCAAGTGGACCT AATAGA    
10076                         7  1.50e-09     AGCTCT GCACCAAGCGGACCT           
10112                         3  2.30e-09         CT GGACCAAGTGGACCT AATA      
--------------------------------------------------------------------------------

--------------------------------------------------------------------------------
	Motif GSACCAAGYGGACCT MEME-4 block diagrams
--------------------------------------------------------------------------------
SEQUENCE NAME            POSITION P-VALUE  MOTIF DIAGRAM
-------------            ----------------  -------------
10075                             7.9e-10  [+4]_6
10076                             1.5e-09  6_[+4]
10112                             2.3e-09  2_[+4]_4
--------------------------------------------------------------------------------

--------------------------------------------------------------------------------
	Motif GSACCAAGYGGACCT MEME-4 in BLOCKS format
--------------------------------------------------------------------------------
BL   MOTIF GSACCAAGYGGACCT width=15 seqs=3
10075                    (    1) GCACCAAGTGGACCT  1 
10076                    (    7) GCACCAAGCGGACCT  1 
10112                    (    3) GGACCAAGTGGACCT  1 
//

--------------------------------------------------------------------------------

--------------------------------------------------------------------------------
	Motif GSACCAAGYGGACCT MEME-4 position-specific scoring matrix
--------------------------------------------------------------------------------
log-odds matrix: alength= 4 w= 15 n= 3150 bayes= 9.6934 E= 1.1e+001 
  -823   -823    204   -823 
  -823    149     45   -823 
   195   -823   -823   -823 
  -823    207   -823   -823 
  -823    207   -823   -823 
   195   -823   -823   -823 
   195   -823   -823   -823 
  -823   -823    204   -823 
  -823     49   -823    134 
  -823   -823    204   -823 
  -823   -823    204   -823 
   195   -823   -823   -823 
  -823    207   -823   -823 
  -823    207   -823   -823 
  -823   -823   -823    193 
--------------------------------------------------------------------------------

--------------------------------------------------------------------------------
	Motif GSACCAAGYGGACCT MEME-4 position-specific probability matrix
--------------------------------------------------------------------------------
letter-probability matrix: alength= 4 w= 15 nsites= 3 E= 1.1e+001 
 0.000000  0.000000  1.000000  0.000000 
 0.000000  0.666667  0.333333  0.000000 
 1.000000  0.000000  0.000000  0.000000 
 0.000000  1.000000  0.000000  0.000000 
 0.000000  1.000000  0.000000  0.000000 
 1.000000  0.000000  0.000000  0.000000 
 1.000000  0.000000  0.000000  0.000000 
 0.000000  0.000000  1.000000  0.000000 
 0.000000  0.333333  0.000000  0.666667 
 0.000000  0.000000  1.000000  0.000000 
 0.000000  0.000000  1.000000  0.000000 
 1.000000  0.000000  0.000000  0.000000 
 0.000000  1.000000  0.000000  0.000000 
 0.000000  1.000000  0.000000  0.000000 
 0.000000  0.000000  0.000000  1.000000 
--------------------------------------------------------------------------------

--------------------------------------------------------------------------------
	Motif GSACCAAGYGGACCT MEME-4 regular expression
--------------------------------------------------------------------------------
G[CG]ACCAAG[TC]GGACCT
--------------------------------------------------------------------------------




Time  5.77 secs.

********************************************************************************


********************************************************************************
MOTIF CYMYGTCTCCCAGT MEME-5	width =  14  sites =   7  llr = 91  E-value = 3.4e+001
********************************************************************************
--------------------------------------------------------------------------------
	Motif CYMYGTCTCCCAGT MEME-5 Description
--------------------------------------------------------------------------------
Simplified        A  ::4::1::::171:
pos.-specific     C  a363::a3a793:3
probability       G  :1:1a1::::::9:
matrix            T  :6:6:7:7:3:::7

         bits    2.1 *   * * *     
                 1.9 *   * * *     
                 1.7 *   * * *     
                 1.5 *   * * * * * 
Relative         1.2 *   * * *** * 
Entropy          1.0 * * * ********
(18.8 bits)      0.8 * * **********
                 0.6 **************
                 0.4 **************
                 0.2 **************
                 0.0 --------------

Multilevel           CTCTGTCTCCCAGT
consensus             CAC   C T C C
sequence                           
                                   
--------------------------------------------------------------------------------

--------------------------------------------------------------------------------
	Motif CYMYGTCTCCCAGT MEME-5 sites sorted by position p-value
--------------------------------------------------------------------------------
Sequence name             Start   P-value                 Site   
-------------             ----- ---------            --------------
9882                          7  3.38e-09     CTATTG CTCTGTCTCCCAGT C         
10231                         4  6.68e-08        GAG CTATGTCTCTCAGT AGAC      
9872                          3  3.05e-07         GC CTCCGTCTCTCAGC TGTGA     
9898                          3  3.46e-07         CC CCATGGCTCCCAGT ATCAT     
10069                         1  8.49e-07          . CTACGACCCCCAGT CCTAGGC   
10216                         7  2.86e-06     TGTCTA CCCTGTCCCCCCAC A         
10015                         2  3.78e-06          T CGCGGTCTCCACGT CGCGCT    
--------------------------------------------------------------------------------

--------------------------------------------------------------------------------
	Motif CYMYGTCTCCCAGT MEME-5 block diagrams
--------------------------------------------------------------------------------
SEQUENCE NAME            POSITION P-VALUE  MOTIF DIAGRAM
-------------            ----------------  -------------
9882                              3.4e-09  6_[+5]_1
10231                             6.7e-08  3_[+5]_4
9872                              3.1e-07  2_[+5]_5
9898                              3.5e-07  2_[+5]_5
10069                             8.5e-07  [+5]_7
10216                             2.9e-06  6_[+5]_1
10015                             3.8e-06  1_[+5]_6
--------------------------------------------------------------------------------

--------------------------------------------------------------------------------
	Motif CYMYGTCTCCCAGT MEME-5 in BLOCKS format
--------------------------------------------------------------------------------
BL   MOTIF CYMYGTCTCCCAGT width=14 seqs=7
9882                     (    7) CTCTGTCTCCCAGT  1 
10231                    (    4) CTATGTCTCTCAGT  1 
9872                     (    3) CTCCGTCTCTCAGC  1 
9898                     (    3) CCATGGCTCCCAGT  1 
10069                    (    1) CTACGACCCCCAGT  1 
10216                    (    7) CCCTGTCCCCCCAC  1 
10015                    (    2) CGCGGTCTCCACGT  1 
//

--------------------------------------------------------------------------------

--------------------------------------------------------------------------------
	Motif CYMYGTCTCCCAGT MEME-5 position-specific scoring matrix
--------------------------------------------------------------------------------
log-odds matrix: alength= 4 w= 14 n= 3600 bayes= 9.6103 E= 3.4e+001 
  -945    208   -945   -945 
  -945     27    -76    112 
    73    127   -945   -945 
  -945     27    -76    112 
  -945   -945    204   -945 
   -85   -945    -76    144 
  -945    208   -945   -945 
  -945     27   -945    144 
  -945    208   -945   -945 
  -945    159   -945     12 
   -85    185   -945   -945 
   147     27   -945   -945 
   -85   -945    182   -945 
  -945     27   -945    144 
--------------------------------------------------------------------------------

--------------------------------------------------------------------------------
	Motif CYMYGTCTCCCAGT MEME-5 position-specific probability matrix
--------------------------------------------------------------------------------
letter-probability matrix: alength= 4 w= 14 nsites= 7 E= 3.4e+001 
 0.000000  1.000000  0.000000  0.000000 
 0.000000  0.285714  0.142857  0.571429 
 0.428571  0.571429  0.000000  0.000000 
 0.000000  0.285714  0.142857  0.571429 
 0.000000  0.000000  1.000000  0.000000 
 0.142857  0.000000  0.142857  0.714286 
 0.000000  1.000000  0.000000  0.000000 
 0.000000  0.285714  0.000000  0.714286 
 0.000000  1.000000  0.000000  0.000000 
 0.000000  0.714286  0.000000  0.285714 
 0.142857  0.857143  0.000000  0.000000 
 0.714286  0.285714  0.000000  0.000000 
 0.142857  0.000000  0.857143  0.000000 
 0.000000  0.285714  0.000000  0.714286 
--------------------------------------------------------------------------------

--------------------------------------------------------------------------------
	Motif CYMYGTCTCCCAGT MEME-5 regular expression
--------------------------------------------------------------------------------
C[TC][CA][TC]GTC[TC]C[CT]C[AC]G[TC]
--------------------------------------------------------------------------------




Time  6.78 secs.

********************************************************************************


********************************************************************************
MOTIF CCGGCGMYCCCGCTC MEME-6	width =  15  sites =   5  llr = 72  E-value = 5.6e+001
********************************************************************************
--------------------------------------------------------------------------------
	Motif CCGGCGMYCCCGCTC MEME-6 Description
--------------------------------------------------------------------------------
Simplified        A  ::22::6::::::22
pos.-specific     C  a82:8:468a8:a:8
probability       G  ::682a::2:28:2:
matrix            T  :2:::::4:::2:6:

         bits    2.1 *    *   *  *  
                 1.9 *    *   *  *  
                 1.7 *    *   *  *  
                 1.5 *    *   *  *  
Relative         1.2 ** ***  ***** *
Entropy          1.0 ** ********** *
(20.9 bits)      0.8 ** ********** *
                 0.6 ***************
                 0.4 ***************
                 0.2 ***************
                 0.0 ---------------

Multilevel           CCGGCGACCCCGCTC
consensus             TAAG CTG GT AA
sequence               C          G 
                                    
--------------------------------------------------------------------------------

--------------------------------------------------------------------------------
	Motif CCGGCGMYCCCGCTC MEME-6 sites sorted by position p-value
--------------------------------------------------------------------------------
Sequence name             Start   P-value                 Site    
-------------             ----- ---------            ---------------
10258                         7  7.63e-09     CCACGC CCGGCGCCCCCGCAC           
9868                          1  2.36e-08          . CCGGCGATCCCTCTC CCGGGG    
9957                          6  1.42e-07      CCGCG CTGGCGATCCCGCTA G         
9919                          5  1.90e-07       TAGA CCCGGGACGCCGCTC GG        
10276                         7  6.39e-07     CCCGCA CCAACGCCCCGGCGC           
--------------------------------------------------------------------------------

--------------------------------------------------------------------------------
	Motif CCGGCGMYCCCGCTC MEME-6 block diagrams
--------------------------------------------------------------------------------
SEQUENCE NAME            POSITION P-VALUE  MOTIF DIAGRAM
-------------            ----------------  -------------
10258                             7.6e-09  6_[+6]
9868                              2.4e-08  [+6]_6
9957                              1.4e-07  5_[+6]_1
9919                              1.9e-07  4_[+6]_2
10276                             6.4e-07  6_[+6]
--------------------------------------------------------------------------------

--------------------------------------------------------------------------------
	Motif CCGGCGMYCCCGCTC MEME-6 in BLOCKS format
--------------------------------------------------------------------------------
BL   MOTIF CCGGCGMYCCCGCTC width=15 seqs=5
10258                    (    7) CCGGCGCCCCCGCAC  1 
9868                     (    1) CCGGCGATCCCTCTC  1 
9957                     (    6) CTGGCGATCCCGCTA  1 
9919                     (    5) CCCGGGACGCCGCTC  1 
10276                    (    7) CCAACGCCCCGGCGC  1 
//

--------------------------------------------------------------------------------

--------------------------------------------------------------------------------
	Motif CCGGCGMYCCCGCTC MEME-6 position-specific scoring matrix
--------------------------------------------------------------------------------
log-odds matrix: alength= 4 w= 15 n= 3150 bayes= 10.2414 E= 5.6e+001 
  -897    207   -897   -897 
  -897    175   -897    -39 
   -36    -24    130   -897 
   -36   -897    172   -897 
  -897    175    -28   -897 
  -897   -897    204   -897 
   122     75   -897   -897 
  -897    134   -897     61 
  -897    175    -28   -897 
  -897    207   -897   -897 
  -897    175    -28   -897 
  -897   -897    172    -39 
  -897    207   -897   -897 
   -36   -897    -28    119 
   -36    175   -897   -897 
--------------------------------------------------------------------------------

--------------------------------------------------------------------------------
	Motif CCGGCGMYCCCGCTC MEME-6 position-specific probability matrix
--------------------------------------------------------------------------------
letter-probability matrix: alength= 4 w= 15 nsites= 5 E= 5.6e+001 
 0.000000  1.000000  0.000000  0.000000 
 0.000000  0.800000  0.000000  0.200000 
 0.200000  0.200000  0.600000  0.000000 
 0.200000  0.000000  0.800000  0.000000 
 0.000000  0.800000  0.200000  0.000000 
 0.000000  0.000000  1.000000  0.000000 
 0.600000  0.400000  0.000000  0.000000 
 0.000000  0.600000  0.000000  0.400000 
 0.000000  0.800000  0.200000  0.000000 
 0.000000  1.000000  0.000000  0.000000 
 0.000000  0.800000  0.200000  0.000000 
 0.000000  0.000000  0.800000  0.200000 
 0.000000  1.000000  0.000000  0.000000 
 0.200000  0.000000  0.200000  0.600000 
 0.200000  0.800000  0.000000  0.000000 
--------------------------------------------------------------------------------

--------------------------------------------------------------------------------
	Motif CCGGCGMYCCCGCTC MEME-6 regular expression
--------------------------------------------------------------------------------
C[CT][GAC][GA][CG]G[AC][CT][CG]C[CG][GT]C[TAG][CA]
--------------------------------------------------------------------------------




Time  7.63 secs.

********************************************************************************


********************************************************************************
SUMMARY OF MOTIFS
********************************************************************************

--------------------------------------------------------------------------------
	Combined block diagrams: non-overlapping sites with p-value < 0.0001
--------------------------------------------------------------------------------
SEQUENCE NAME            COMBINED P-VALUE  MOTIF DIAGRAM
-------------            ----------------  -------------
9830                             1.17e-03  4_[+3(1.82e-05)]_2
9831                             5.69e-01  21
9832                             2.42e-02  9_[+1(7.00e-06)]_1
9833                             2.97e-03  21
9834                             5.25e-01  21
9835                             4.27e-01  21
9836                             3.96e-01  21
9837                             1.35e-01  21
9838                             7.54e-01  21
9839                             9.63e-01  21
9840                             2.23e-01  21
9841                             8.18e-01  21
9842                             4.68e-01  21
9843                             6.76e-01  21
9844                             9.42e-01  21
9845                             6.27e-01  21
9846                             1.93e-01  21
9847                             2.86e-01  21
9848                             2.36e-02  3_[+6(9.16e-05)]_3
9849                             4.74e-01  21
9850                             2.61e-01  21
9851                             3.71e-01  21
9852                             2.87e-02  6_[+1(1.72e-06)]_4
9853                             9.15e-01  21
9854                             9.47e-01  21
9855                             7.42e-02  1_[+1(6.03e-05)]_9
9856                             3.49e-01  21
9857                             1.12e-01  21
9858                             1.54e-01  21
9859                             9.89e-01  21
9860                             9.61e-01  21
9861                             4.62e-02  7_[+1(9.23e-05)]_3
9862                             4.75e-01  21
9863                             3.56e-02  21
9864                             1.31e-02  [+1(2.89e-06)]_10
9865                             2.80e-01  21
9866                             4.02e-01  21
9867                             8.76e-01  21
9868                             2.59e-05  [+6(2.36e-08)]_6
9869                             9.09e-01  21
9870                             8.71e-01  21
9871                             1.29e-04  7_[+2(3.35e-08)]_1
9872                             3.35e-03  2_[+5(3.05e-07)]_5
9873                             3.11e-01  21
9874                             1.92e-03  5_[+1(3.70e-06)]_5
9875                             7.82e-01  21
9876                             9.74e-01  21
9877                             7.10e-01  21
9878                             1.02e-01  21
9879                             6.12e-04  6_[+3(2.89e-05)]
9880                             3.51e-01  21
9881                             1.55e-01  21
9882                             2.89e-06  6_[+5(3.38e-09)]_1
9883                             5.68e-02  21
9884                             9.99e-01  21
9885                             1.73e-03  2_[+3(2.89e-05)]_4
9886                             6.11e-04  9_[+1(8.67e-07)]_1
9887                             4.83e-01  21
9888                             1.60e-01  21
9889                             3.54e-02  10_[+1(7.78e-05)]
9890                             8.25e-02  9_[+1(8.36e-05)]_1
9891                             7.50e-01  21
9892                             4.54e-03  5_[+3(8.27e-06)]_1
9893                             1.26e-03  6_[+3(1.54e-05)]
9894                             3.95e-01  21
9895                             4.77e-01  21
9896                             9.02e-01  21
9897                             3.59e-01  21
9898                             3.97e-05  2_[+5(3.46e-07)]_5
9899                             7.64e-01  21
9900                             9.36e-01  21
9901                             2.47e-01  21
9902                             7.36e-02  21
9903                             9.04e-01  21
9904                             3.42e-02  21
9905                             3.61e-01  21
9906                             9.86e-01  21
9907                             7.88e-01  21
9908                             1.54e-01  21
9909                             7.61e-01  21
9910                             4.32e-01  21
9911                             5.54e-02  7_[+1(1.35e-05)]_3
9912                             1.87e-02  9_[+1(1.72e-06)]_1
9913                             7.00e-05  6_[+1(2.59e-06)]_4
9914                             1.49e-02  3_[+1(1.72e-06)]_7
9915                             2.40e-01  21
9916                             3.88e-01  21
9917                             1.64e-03  5_[+1(1.72e-06)]_5
9918                             7.14e-01  21
9919                             8.61e-05  4_[+6(1.90e-07)]_2
9920                             9.90e-01  21
9921                             3.26e-01  21
9922                             7.26e-03  21
9923                             3.12e-01  21
9924                             4.41e-01  21
9925                             2.32e-01  21
9926                             3.79e-02  21
9927                             1.14e-01  2_[+1(3.88e-05)]_8
9928                             1.29e-01  21
9929                             9.13e-01  21
9930                             4.05e-01  21
9931                             2.15e-02  2_[+1(2.51e-05)]_8
9932                             8.49e-01  21
9933                             1.12e-01  7_[+1(5.66e-05)]_3
9934                             8.44e-01  21
9935                             2.56e-01  21
9936                             1.79e-02  3_[+1(8.28e-06)]_7
9937                             9.31e-01  21
9938                             8.73e-01  21
9939                             9.04e-01  21
9940                             4.52e-01  21
9941                             1.32e-01  21
9942                             1.31e-04  1_[+2(1.52e-07)]_7
9943                             4.30e-01  21
9944                             2.05e-02  21
9945                             1.40e-02  21
9946                             8.56e-01  21
9947                             2.97e-01  21
9948                             6.14e-01  21
9949                             8.98e-02  21
9950                             8.18e-01  21
9951                             1.68e-02  7_[+1(5.32e-06)]_3
9952                             1.67e-01  21
9953                             2.96e-02  7_[+1(7.00e-06)]_3
9954                             1.61e-03  2_[+3(1.30e-05)]_4
9955                             8.01e-01  21
9956                             2.54e-03  7_[+1(6.70e-05)]_3
9957                             2.34e-04  5_[+6(1.42e-07)]_1
9958                             9.35e-01  21
9959                             4.83e-01  21
9960                             2.45e-01  21
9961                             4.97e-04  4_[+3(1.54e-05)]_2
9962                             5.95e-02  21
9963                             9.53e-01  21
9964                             9.01e-01  21
9965                             5.59e-02  21
9966                             2.19e-01  21
9967                             9.21e-01  21
9968                             7.67e-01  21
9969                             9.08e-03  21
9970                             9.85e-01  21
9971                             5.29e-01  21
9972                             2.25e-01  21
9973                             8.82e-01  21
9974                             9.95e-01  21
9975                             9.39e-01  21
9976                             9.58e-01  21
9977                             6.08e-01  21
9978                             1.37e-01  21
9979                             9.13e-01  21
9980                             8.19e-01  21
9981                             1.73e-02  4_[+1(5.21e-05)]_6
9982                             2.53e-01  21
9983                             9.43e-01  21
9984                             2.63e-01  21
9985                             5.10e-02  9_[+1(6.44e-06)]_1
9986                             5.03e-02  21
9987                             8.86e-01  21
9988                             5.68e-02  21
9989                             2.16e-02  6_[+1(7.00e-06)]_4
9990                             3.54e-01  21
9991                             4.95e-01  21
9992                             3.53e-01  21
9993                             2.31e-01  21
9994                             2.60e-01  21
9995                             9.88e-01  21
9996                             9.22e-01  21
9997                             7.16e-01  21
9998                             9.83e-01  21
9999                             9.85e-01  21
10000                            6.85e-02  21
10001                            1.00e+00  21
10002                            2.94e-01  21
10003                            1.24e-03  [+1(8.67e-07)]_10
10004                            6.54e-01  21
10005                            5.41e-02  21
10006                            9.90e-01  21
10007                            1.40e-01  21
10008                            5.28e-01  21
10009                            6.67e-01  21
10010                            9.16e-03  [+1(2.59e-06)]_10
10011                            6.90e-03  21
10012                            8.14e-02  21
10013                            9.49e-01  21
10014                            6.18e-01  21
10015                            1.86e-05  1_[+5(3.78e-06)]_6
10016                            6.76e-01  21
10017                            1.01e-01  10_[+1(7.78e-05)]
10018                            1.02e-01  21
10019                            1.71e-02  4_[+3(2.31e-05)]_2
10020                            7.84e-02  6_[+1(2.97e-05)]_4
10021                            1.22e-01  21
10022                            9.06e-01  21
10023                            5.03e-02  21
10024                            8.51e-04  6_[+3(3.11e-05)]
10025                            6.40e-01  21
10026                            7.07e-01  21
10027                            1.82e-01  21
10028                            8.65e-01  21
10029                            9.97e-01  21
10030                            1.46e-03  8_[+1(9.96e-05)]_2
10031                            2.65e-02  21
10032                            4.47e-03  2_[+1(8.67e-07)]_8
10033                            1.21e-01  21
10034                            6.82e-01  21
10035                            1.15e-02  21
10036                            8.97e-01  21
10037                            1.11e-02  10_[+1(7.00e-06)]
10038                            4.79e-01  21
10039                            6.49e-01  21
10040                            4.06e-02  21
10041                            7.16e-01  21
10042                            3.35e-01  21
10043                            3.77e-02  21
10044                            5.94e-01  21
10045                            9.96e-01  21
10046                            3.05e-04  2_[+3(6.24e-07)]_4
10047                            3.99e-02  10_[+1(5.21e-05)]
10048                            1.27e-02  2_[+1(2.59e-06)]_8
10049                            3.01e-01  21
10050                            8.84e-01  21
10051                            3.50e-01  21
10052                            8.04e-01  21
10053                            9.16e-03  6_[+3(4.41e-05)]
10054                            1.09e-01  21
10055                            9.39e-04  4_[+2(6.44e-06)]_4
10056                            5.86e-01  21
10057                            5.41e-01  21
10058                            9.99e-01  21
10059                            8.07e-01  21
10060                            1.15e-03  5_[+1(1.53e-05)]_5
10061                            8.59e-01  21
10062                            5.35e-01  21
10063                            8.90e-04  2_[+3(1.61e-06)]_4
10064                            9.69e-01  21
10065                            6.54e-01  21
10066                            6.65e-01  21
10067                            8.24e-01  21
10068                            3.56e-01  21
10069                            4.81e-04  [+5(8.49e-07)]_7
10070                            8.52e-02  5_[+1(7.78e-05)]_5
10071                            9.74e-03  2_[+1(2.59e-06)]_8
10072                            2.37e-01  21
10073                            9.87e-01  21
10074                            5.24e-02  [+2(9.40e-05)]_8
10075                            3.00e-05  [+4(7.87e-10)]_6
10076                            1.02e-06  6_[+4(1.50e-09)]
10077                            1.42e-01  21
10078                            5.72e-02  5_[+1(1.01e-05)]_5
10079                            5.37e-01  21
10080                            7.18e-02  21
10081                            9.90e-01  21
10082                            6.84e-01  21
10083                            1.90e-01  21
10084                            4.11e-01  21
10085                            3.61e-02  21
10086                            3.91e-03  4_[+1(1.72e-06)]_6
10087                            2.12e-01  21
10088                            9.59e-01  21
10089                            4.29e-02  21
10090                            2.26e-01  21
10091                            6.96e-01  21
10092                            3.65e-01  21
10093                            2.42e-01  21
10094                            4.94e-01  21
10095                            2.16e-01  21
10096                            5.06e-01  21
10097                            5.05e-01  21
10098                            2.16e-01  21
10099                            2.95e-01  21
10100                            7.14e-01  21
10101                            5.24e-02  21
10102                            5.15e-01  21
10103                            9.22e-03  7_[+1(1.20e-05)]_3
10104                            4.41e-01  21
10105                            7.52e-01  21
10106                            6.83e-03  2_[+2(1.79e-05)]_6
10107                            2.64e-04  6_[+2(6.44e-06)]_2
10108                            4.51e-01  21
10109                            8.55e-01  21
10110                            9.15e-01  21
10111                            4.79e-01  21
10112                            8.49e-07  2_[+4(2.30e-09)]_4
10113                            5.19e-01  21
10114                            1.27e-01  21
10115                            4.31e-01  21
10116                            7.97e-01  21
10117                            3.09e-03  4_[+2(1.50e-05)]_4
10118                            7.17e-01  21
10119                            1.20e-04  1_[+3(7.36e-07)]_5
10120                            5.24e-02  21
10121                            9.72e-01  21
10122                            8.58e-01  21
10123                            1.48e-01  21
10124                            3.77e-01  21
10125                            1.46e-01  21
10126                            7.64e-02  2_[+2(1.13e-05)]_6
10127                            7.08e-02  21
10128                            2.57e-02  1_[+1(6.44e-06)]_9
10129                            8.99e-01  21
10130                            7.80e-03  21
10131                            7.04e-01  21
10132                            1.51e-01  21
10133                            6.56e-01  21
10134                            1.54e-01  21
10135                            8.90e-01  21
10136                            4.43e-01  21
10137                            5.35e-01  21
10138                            9.14e-01  21
10139                            3.84e-03  [+1(5.32e-06)]_10
10140                            2.91e-02  21
10141                            1.71e-01  21
10142                            8.89e-01  21
10143                            4.35e-03  21
10144                            9.35e-01  21
10145                            1.48e-01  21
10146                            5.61e-01  21
10147                            3.09e-01  21
10148                            5.83e-01  21
10149                            1.99e-02  21
10150                            6.79e-02  21
10151                            2.34e-01  21
10152                            4.82e-01  21
10153                            3.48e-01  21
10154                            3.52e-02  4_[+1(8.36e-05)]_6
10155                            5.97e-01  21
10156                            1.93e-03  3_[+1(5.32e-06)]_7
10157                            8.00e-01  21
10158                            2.85e-02  1_[+1(1.01e-05)]_9
10159                            2.29e-01  21
10160                            7.98e-01  21
10161                            6.64e-01  21
10162                            8.24e-01  21
10163                            5.82e-01  21
10164                            7.82e-02  1_[+1(5.21e-05)]_9
10165                            1.98e-01  21
10166                            7.39e-01  21
10167                            5.53e-03  21
10168                            1.21e-01  21
10169                            1.32e-03  1_[+1(1.80e-05)]_9
10170                            4.32e-01  21
10171                            1.41e-01  21
10172                            1.88e-01  21
10173                            4.38e-06  1_[+3(2.65e-06)]_5
10174                            1.84e-01  21
10175                            1.49e-01  21
10176                            8.67e-01  21
10177                            3.98e-01  21
10178                            1.76e-01  21
10179                            3.59e-02  6_[+1(5.32e-06)]_4
10180                            2.25e-01  21
10181                            6.36e-01  21
10182                            1.83e-02  9_[+1(1.35e-05)]_1
10183                            6.48e-01  21
10184                            4.09e-02  2_[+1(9.23e-05)]_8
10185                            4.89e-02  21
10186                            1.24e-02  7_[+1(2.25e-05)]_3
10187                            8.15e-01  21
10188                            6.06e-03  6_[+1(1.12e-05)]_4
10189                            2.45e-01  21
10190                            4.69e-03  9_[+1(5.91e-07)]_1
10191                            8.78e-02  21
10192                            1.31e-02  2_[+1(4.57e-05)]_8
10193                            4.62e-01  21
10194                            1.14e-03  [+3(4.55e-06)]_6
10195                            5.52e-01  21
10196                            9.12e-02  21
10197                            2.62e-01  21
10198                            6.48e-01  21
10199                            3.12e-01  21
10200                            1.64e-01  21
10201                            6.00e-01  21
10202                            4.35e-01  21
10203                            3.57e-03  3_[+2(2.87e-06)]_5
10204                            7.31e-01  21
10205                            2.84e-02  8_[+1(8.28e-06)]_2
10206                            6.88e-01  21
10207                            5.38e-01  21
10208                            1.77e-01  21
10209                            2.51e-02  7_[+1(5.32e-06)]_3
10210                            6.05e-01  21
10211                            8.29e-02  21
10212                            7.35e-01  21
10213                            1.18e-01  21
10214                            8.72e-01  21
10215                            9.90e-01  21
10216                            1.14e-03  6_[+5(2.86e-06)]_1
10217                            4.35e-02  2_[+1(5.66e-05)]_8
10218                            2.92e-01  21
10219                            4.52e-01  21
10220                            9.59e-01  21
10221                            1.74e-02  21
10222                            3.59e-04  21
10223                            8.83e-01  21
10224                            6.27e-01  21
10225                            9.15e-01  21
10226                            9.85e-01  21
10227                            7.55e-04  1_[+2(3.73e-06)]_7
10228                            2.33e-01  21
10229                            8.11e-01  21
10230                            7.02e-01  21
10231                            3.53e-04  3_[+5(6.68e-08)]_4
10232                            7.59e-01  21
10233                            3.63e-03  2_[+2(8.55e-06)]_6
10234                            3.74e-02  21
10235                            1.56e-01  21
10236                            6.65e-01  21
10237                            4.11e-02  10_[+1(6.44e-06)]
10238                            1.03e-01  21
10239                            8.54e-01  21
10240                            3.52e-01  21
10241                            6.87e-01  21
10242                            1.88e-01  21
10243                            1.51e-01  21
10244                            3.62e-02  4_[+2(8.76e-05)]_4
10245                            9.87e-01  21
10246                            5.53e-02  21
10247                            4.25e-02  21
10248                            7.64e-01  21
10249                            2.06e-01  21
10250                            8.51e-01  21
10251                            2.71e-03  21
10252                            1.59e-02  1_[+2(5.92e-06)]_7
10253                            1.58e-01  21
10254                            2.82e-01  21
10255                            6.42e-01  21
10256                            8.78e-01  21
10257                            2.06e-02  21
10258                            2.98e-07  6_[+6(7.63e-09)]
10259                            4.52e-01  21
10260                            9.33e-01  21
10261                            4.67e-01  21
10262                            1.02e-03  6_[+1(5.91e-07)]_4
10263                            3.37e-02  21
10264                            8.74e-02  21
10265                            8.70e-06  1_[+3(3.30e-06)]_5
10266                            1.40e-01  21
10267                            1.71e-02  9_[+1(3.70e-06)]_1
10268                            5.16e-01  21
10269                            1.65e-01  21
10270                            1.16e-01  21
10271                            1.50e-01  21
10272                            1.53e-03  [+1(5.21e-05)]_10
10273                            1.07e-01  21
10274                            4.37e-01  21
10275                            2.52e-02  6_[+1(1.12e-05)]_4
10276                            1.17e-04  6_[+6(6.39e-07)]
10277                            1.39e-01  21
10278                            1.98e-04  7_[+2(1.01e-06)]_1
10279                            1.37e-01  21
--------------------------------------------------------------------------------

********************************************************************************


********************************************************************************
Stopped because requested number of motifs (6) found.
********************************************************************************

CPU: fedora

********************************************************************************
