********************************************************************************
MEME - Motif discovery tool
********************************************************************************
MEME version 5.5.5 (Release date: Thu Sep 14 08:48:04 2023 +1000)

For further information on how to interpret these results please access https://meme-suite.org/meme.
To get a copy of the MEME Suite software please access https://meme-suite.org.

********************************************************************************


********************************************************************************
REFERENCE
********************************************************************************
If you use this program in your research, please cite:

Timothy L. Bailey and Charles Elkan,
"Fitting a mixture model by expectation maximization to
discover motifs in biopolymers",
Proceedings of the Second International Conference on Intelligent Systems
for Molecular Biology, pp. 28-36, AAAI Press, Menlo Park, California, 1994.
********************************************************************************


********************************************************************************
TRAINING SET
********************************************************************************
PRIMARY SEQUENCES= meme_comparison/data/tmp_memedir_fin/FALSE_TRUE_FALSE_10_NA_NA_TRUE_53_100/MSANTD1.fasta
CONTROL SEQUENCES= --none--
ALPHABET= ACGT
Sequence name            Weight Length  Sequence name            Weight Length  
-------------            ------ ------  -------------            ------ ------  
14616                    1.0000     21  14617                    1.0000     21  
14618                    1.0000     21  14619                    1.0000     21  
14620                    1.0000     21  14621                    1.0000     21  
14622                    1.0000     21  14623                    1.0000     21  
14624                    1.0000     21  14625                    1.0000     21  
14626                    1.0000     21  14627                    1.0000     21  
14628                    1.0000     21  14629                    1.0000     21  
14630                    1.0000     21  14631                    1.0000     21  
14632                    1.0000     21  14633                    1.0000     21  
14634                    1.0000     21  14635                    1.0000     21  
14636                    1.0000     21  14637                    1.0000     21  
14638                    1.0000     21  14639                    1.0000     21  
14640                    1.0000     21  14641                    1.0000     21  
14642                    1.0000     21  14643                    1.0000     21  
14644                    1.0000     21  14645                    1.0000     21  
14646                    1.0000     21  14647                    1.0000     21  
14648                    1.0000     21  14649                    1.0000     21  
14650                    1.0000     21  14651                    1.0000     21  
14652                    1.0000     21  14653                    1.0000     21  
14654                    1.0000     21  14655                    1.0000     21  
14656                    1.0000     21  14657                    1.0000     21  
14658                    1.0000     21  14659                    1.0000     21  
14660                    1.0000     21  14661                    1.0000     21  
14662                    1.0000     21  14663                    1.0000     21  
14664                    1.0000     21  14665                    1.0000     21  
14666                    1.0000     21  14667                    1.0000     21  
14668                    1.0000     21  14669                    1.0000     21  
14670                    1.0000     21  14671                    1.0000     21  
14672                    1.0000     21  14673                    1.0000     21  
14674                    1.0000     21  14675                    1.0000     21  
14676                    1.0000     21  14677                    1.0000     21  
14678                    1.0000     21  14679                    1.0000     21  
14680                    1.0000     21  14681                    1.0000     21  
14682                    1.0000     21  14683                    1.0000     21  
14684                    1.0000     21  14685                    1.0000     21  
14686                    1.0000     21  14687                    1.0000     21  
14688                    1.0000     21  14689                    1.0000     21  
14690                    1.0000     21  14691                    1.0000     21  
14692                    1.0000     21  14693                    1.0000     21  
14694                    1.0000     21  14695                    1.0000     21  
14696                    1.0000     21  14697                    1.0000     21  
14698                    1.0000     21  14699                    1.0000     21  
14700                    1.0000     21  14701                    1.0000     21  
14702                    1.0000     21  14703                    1.0000     21  
14704                    1.0000     21  14705                    1.0000     21  
14706                    1.0000     21  14707                    1.0000     21  
14708                    1.0000     21  14709                    1.0000     21  
14710                    1.0000     21  14711                    1.0000     21  
14712                    1.0000     21  14713                    1.0000     21  
14714                    1.0000     21  14715                    1.0000     21  
14716                    1.0000     21  14717                    1.0000     21  
14718                    1.0000     21  14719                    1.0000     21  
14720                    1.0000     21  14721                    1.0000     21  
14722                    1.0000     21  14723                    1.0000     21  
14724                    1.0000     21  14725                    1.0000     21  
14726                    1.0000     21  14727                    1.0000     21  
14728                    1.0000     21  14729                    1.0000     21  
14730                    1.0000     21  14731                    1.0000     21  
14732                    1.0000     21  14733                    1.0000     21  
14734                    1.0000     21  14735                    1.0000     21  
14736                    1.0000     21  14737                    1.0000     21  
14738                    1.0000     21  14739                    1.0000     21  
14740                    1.0000     21  14741                    1.0000     21  
14742                    1.0000     21  14743                    1.0000     21  
14744                    1.0000     21  14745                    1.0000     21  
14746                    1.0000     21  14747                    1.0000     21  
14748                    1.0000     21  14749                    1.0000     21  
14750                    1.0000     21  14751                    1.0000     21  
14752                    1.0000     21  14753                    1.0000     21  
14754                    1.0000     21  14755                    1.0000     21  
14756                    1.0000     21  14757                    1.0000     21  
14758                    1.0000     21  14759                    1.0000     21  
14760                    1.0000     21  14761                    1.0000     21  
14762                    1.0000     21  14763                    1.0000     21  
14764                    1.0000     21  14765                    1.0000     21  
14766                    1.0000     21  14767                    1.0000     21  
14768                    1.0000     21  14769                    1.0000     21  
14770                    1.0000     21  14771                    1.0000     21  
14772                    1.0000     21  14773                    1.0000     21  
14774                    1.0000     21  14775                    1.0000     21  
14776                    1.0000     21  14777                    1.0000     21  
14778                    1.0000     21  14779                    1.0000     21  
14780                    1.0000     21  14781                    1.0000     21  
14782                    1.0000     21  14783                    1.0000     21  
14784                    1.0000     21  14785                    1.0000     21  
14786                    1.0000     21  14787                    1.0000     21  
14788                    1.0000     21  14789                    1.0000     21  
14790                    1.0000     21  14791                    1.0000     21  
14792                    1.0000     21  14793                    1.0000     21  
14794                    1.0000     21  14795                    1.0000     21  
14796                    1.0000     21  14797                    1.0000     21  
14798                    1.0000     21  14799                    1.0000     21  
14800                    1.0000     21  14801                    1.0000     21  
14802                    1.0000     21  14803                    1.0000     21  
14804                    1.0000     21  14805                    1.0000     21  
14806                    1.0000     21  14807                    1.0000     21  
14808                    1.0000     21  14809                    1.0000     21  
14810                    1.0000     21  14811                    1.0000     21  
14812                    1.0000     21  14813                    1.0000     21  
14814                    1.0000     21  14815                    1.0000     21  
14816                    1.0000     21  14817                    1.0000     21  
14818                    1.0000     21  14819                    1.0000     21  
14820                    1.0000     21  14821                    1.0000     21  
14822                    1.0000     21  14823                    1.0000     21  
14824                    1.0000     21  14825                    1.0000     21  
14826                    1.0000     21  14827                    1.0000     21  
14828                    1.0000     21  14829                    1.0000     21  
14830                    1.0000     21  14831                    1.0000     21  
14832                    1.0000     21  14833                    1.0000     21  
14834                    1.0000     21  14835                    1.0000     21  
14836                    1.0000     21  14837                    1.0000     21  
14838                    1.0000     21  14839                    1.0000     21  
14840                    1.0000     21  14841                    1.0000     21  
14842                    1.0000     21  14843                    1.0000     21  
14844                    1.0000     21  14845                    1.0000     21  
14846                    1.0000     21  14847                    1.0000     21  
14848                    1.0000     21  14849                    1.0000     21  
14850                    1.0000     21  14851                    1.0000     21  
14852                    1.0000     21  14853                    1.0000     21  
14854                    1.0000     21  14855                    1.0000     21  
14856                    1.0000     21  14857                    1.0000     21  
14858                    1.0000     21  14859                    1.0000     21  
14860                    1.0000     21  14861                    1.0000     21  
14862                    1.0000     21  14863                    1.0000     21  
14864                    1.0000     21  14865                    1.0000     21  
14866                    1.0000     21  14867                    1.0000     21  
14868                    1.0000     21  14869                    1.0000     21  
14870                    1.0000     21  14871                    1.0000     21  
14872                    1.0000     21  14873                    1.0000     21  
14874                    1.0000     21  14875                    1.0000     21  
14876                    1.0000     21  14877                    1.0000     21  
14878                    1.0000     21  14879                    1.0000     21  
14880                    1.0000     21  14881                    1.0000     21  
14882                    1.0000     21  14883                    1.0000     21  
14884                    1.0000     21  14885                    1.0000     21  
14886                    1.0000     21  14887                    1.0000     21  
14888                    1.0000     21  14889                    1.0000     21  
14890                    1.0000     21  14891                    1.0000     21  
14892                    1.0000     21  14893                    1.0000     21  
14894                    1.0000     21  14895                    1.0000     21  
14896                    1.0000     21  14897                    1.0000     21  
14898                    1.0000     21  14899                    1.0000     21  
14900                    1.0000     21  14901                    1.0000     21  
14902                    1.0000     21  14903                    1.0000     21  
14904                    1.0000     21  14905                    1.0000     21  
14906                    1.0000     21  14907                    1.0000     21  
14908                    1.0000     21  14909                    1.0000     21  
14910                    1.0000     21  14911                    1.0000     21  
14912                    1.0000     21  14913                    1.0000     21  
14914                    1.0000     21  14915                    1.0000     21  
14916                    1.0000     21  14917                    1.0000     21  
14918                    1.0000     21  14919                    1.0000     21  
14920                    1.0000     21  14921                    1.0000     21  
14922                    1.0000     21  14923                    1.0000     21  
14924                    1.0000     21  14925                    1.0000     21  
14926                    1.0000     21  14927                    1.0000     21  
14928                    1.0000     21  14929                    1.0000     21  
14930                    1.0000     21  14931                    1.0000     21  
14932                    1.0000     21  14933                    1.0000     21  
14934                    1.0000     21  14935                    1.0000     21  
14936                    1.0000     21  14937                    1.0000     21  
14938                    1.0000     21  14939                    1.0000     21  
14940                    1.0000     21  14941                    1.0000     21  
14942                    1.0000     21  14943                    1.0000     21  
14944                    1.0000     21  14945                    1.0000     21  
14946                    1.0000     21  14947                    1.0000     21  
14948                    1.0000     21  14949                    1.0000     21  
14950                    1.0000     21  14951                    1.0000     21  
14952                    1.0000     21  14953                    1.0000     21  
14954                    1.0000     21  14955                    1.0000     21  
14956                    1.0000     21  14957                    1.0000     21  
14958                    1.0000     21  14959                    1.0000     21  
14960                    1.0000     21  14961                    1.0000     21  
14962                    1.0000     21  14963                    1.0000     21  
14964                    1.0000     21  14965                    1.0000     21  
14966                    1.0000     21  14967                    1.0000     21  
14968                    1.0000     21  14969                    1.0000     21  
14970                    1.0000     21  14971                    1.0000     21  
14972                    1.0000     21  14973                    1.0000     21  
14974                    1.0000     21  14975                    1.0000     21  
14976                    1.0000     21  14977                    1.0000     21  
14978                    1.0000     21  14979                    1.0000     21  
14980                    1.0000     21  14981                    1.0000     21  
14982                    1.0000     21  14983                    1.0000     21  
14984                    1.0000     21  14985                    1.0000     21  
14986                    1.0000     21  14987                    1.0000     21  
14988                    1.0000     21  14989                    1.0000     21  
14990                    1.0000     21  14991                    1.0000     21  
14992                    1.0000     21  14993                    1.0000     21  
14994                    1.0000     21  14995                    1.0000     21  
14996                    1.0000     21  14997                    1.0000     21  
14998                    1.0000     21  14999                    1.0000     21  
15000                    1.0000     21  15001                    1.0000     21  
15002                    1.0000     21  15003                    1.0000     21  
15004                    1.0000     21  15005                    1.0000     21  
15006                    1.0000     21  15007                    1.0000     21  
15008                    1.0000     21  15009                    1.0000     21  
15010                    1.0000     21  15011                    1.0000     21  
15012                    1.0000     21  15013                    1.0000     21  
15014                    1.0000     21  15015                    1.0000     21  
15016                    1.0000     21  15017                    1.0000     21  
15018                    1.0000     21  15019                    1.0000     21  
15020                    1.0000     21  15021                    1.0000     21  
15022                    1.0000     21  15023                    1.0000     21  
15024                    1.0000     21  15025                    1.0000     21  
15026                    1.0000     21  15027                    1.0000     21  
15028                    1.0000     21  15029                    1.0000     21  
15030                    1.0000     21  15031                    1.0000     21  
15032                    1.0000     21  15033                    1.0000     21  
15034                    1.0000     21  15035                    1.0000     21  
15036                    1.0000     21  15037                    1.0000     21  
15038                    1.0000     21  15039                    1.0000     21  
15040                    1.0000     21  15041                    1.0000     21  
15042                    1.0000     21  15043                    1.0000     21  
15044                    1.0000     21  15045                    1.0000     21  
15046                    1.0000     21  15047                    1.0000     21  
15048                    1.0000     21  15049                    1.0000     21  
15050                    1.0000     21  15051                    1.0000     21  
15052                    1.0000     21  15053                    1.0000     21  
15054                    1.0000     21  15055                    1.0000     21  
15056                    1.0000     21  15057                    1.0000     21  
15058                    1.0000     21  15059                    1.0000     21  
15060                    1.0000     21  15061                    1.0000     21  
15062                    1.0000     21  15063                    1.0000     21  
15064                    1.0000     21  15065                    1.0000     21  
15066                    1.0000     21  15067                    1.0000     21  
15068                    1.0000     21  15069                    1.0000     21  
15070                    1.0000     21  15071                    1.0000     21  
15072                    1.0000     21  15073                    1.0000     21  
15074                    1.0000     21  15075                    1.0000     21  
15076                    1.0000     21  15077                    1.0000     21  
15078                    1.0000     21  15079                    1.0000     21  
15080                    1.0000     21  15081                    1.0000     21  
15082                    1.0000     21  15083                    1.0000     21  
15084                    1.0000     21  15085                    1.0000     21  
15086                    1.0000     21  15087                    1.0000     21  
15088                    1.0000     21  15089                    1.0000     21  
15090                    1.0000     21  15091                    1.0000     21  
15092                    1.0000     21  15093                    1.0000     21  
15094                    1.0000     21  15095                    1.0000     21  
15096                    1.0000     21  15097                    1.0000     21  
15098                    1.0000     21  15099                    1.0000     21  
15100                    1.0000     21  15101                    1.0000     21  
15102                    1.0000     21  15103                    1.0000     21  
15104                    1.0000     21  15105                    1.0000     21  
15106                    1.0000     21  15107                    1.0000     21  
15108                    1.0000     21  15109                    1.0000     21  
15110                    1.0000     21  15111                    1.0000     21  
15112                    1.0000     21  15113                    1.0000     21  
15114                    1.0000     21  15115                    1.0000     21  
15116                    1.0000     21  15117                    1.0000     21  
15118                    1.0000     21  15119                    1.0000     21  
15120                    1.0000     21  15121                    1.0000     21  
15122                    1.0000     21  15123                    1.0000     21  
15124                    1.0000     21  15125                    1.0000     21  
15126                    1.0000     21  15127                    1.0000     21  
15128                    1.0000     21  15129                    1.0000     21  
15130                    1.0000     21  15131                    1.0000     21  
15132                    1.0000     21  15133                    1.0000     21  
15134                    1.0000     21  15135                    1.0000     21  
15136                    1.0000     21  15137                    1.0000     21  
15138                    1.0000     21  15139                    1.0000     21  
15140                    1.0000     21  15141                    1.0000     21  
15142                    1.0000     21  15143                    1.0000     21  
15144                    1.0000     21  15145                    1.0000     21  
15146                    1.0000     21  15147                    1.0000     21  
15148                    1.0000     21  15149                    1.0000     21  
15150                    1.0000     21  15151                    1.0000     21  
15152                    1.0000     21  15153                    1.0000     21  
15154                    1.0000     21  15155                    1.0000     21  
15156                    1.0000     21  15157                    1.0000     21  
15158                    1.0000     21  15159                    1.0000     21  
15160                    1.0000     21  15161                    1.0000     21  
15162                    1.0000     21  15163                    1.0000     21  
15164                    1.0000     21  15165                    1.0000     21  
15166                    1.0000     21  15167                    1.0000     21  
15168                    1.0000     21  15169                    1.0000     21  
15170                    1.0000     21  15171                    1.0000     21  
15172                    1.0000     21  15173                    1.0000     21  
15174                    1.0000     21  15175                    1.0000     21  
15176                    1.0000     21  15177                    1.0000     21  
15178                    1.0000     21  15179                    1.0000     21  
15180                    1.0000     21  15181                    1.0000     21  
15182                    1.0000     21  15183                    1.0000     21  
15184                    1.0000     21  15185                    1.0000     21  
15186                    1.0000     21  15187                    1.0000     21  
15188                    1.0000     21  15189                    1.0000     21  
15190                    1.0000     21  15191                    1.0000     21  
15192                    1.0000     21  15193                    1.0000     21  
15194                    1.0000     21  15195                    1.0000     21  
15196                    1.0000     21  15197                    1.0000     21  
15198                    1.0000     21  15199                    1.0000     21  
15200                    1.0000     21  15201                    1.0000     21  
15202                    1.0000     21  15203                    1.0000     21  
15204                    1.0000     21  15205                    1.0000     21  
15206                    1.0000     21  15207                    1.0000     21  
15208                    1.0000     21  15209                    1.0000     21  
15210                    1.0000     21  15211                    1.0000     21  
15212                    1.0000     21  15213                    1.0000     21  
15214                    1.0000     21  15215                    1.0000     21  
15216                    1.0000     21  15217                    1.0000     21  
15218                    1.0000     21  15219                    1.0000     21  
15220                    1.0000     21  15221                    1.0000     21  
15222                    1.0000     21  15223                    1.0000     21  
15224                    1.0000     21  15225                    1.0000     21  
15226                    1.0000     21  15227                    1.0000     21  
********************************************************************************

********************************************************************************
COMMAND LINE SUMMARY
********************************************************************************
This information can also be useful in the event you wish to report a
problem with the MEME software.

command: meme meme_comparison/data/tmp_memedir_fin/FALSE_TRUE_FALSE_10_NA_NA_TRUE_53_100/MSANTD1.fasta -oc meme_comparison/data/tmp_memedir_fin/FALSE_TRUE_FALSE_10_NA_NA_TRUE_53_100/MSANTD1 -nmotifs 6 -dna -maxw 30 -p 1 -seed 53 -revcomp 

model:  mod=         zoops    nmotifs=         6    evt=           inf
objective function:           em=       E-value of product of p-values
                              starts=   E-value of product of p-values
strands: + -
width:  minw=            8    maxw=           21
nsites: minsites=        2    maxsites=      612    wnsites=       0.8
theta:  spmap=         uni    spfuzz=        0.5
em:     prior=   dirichlet    b=            0.01    maxiter=        50
        distance=    1e-05
trim:   wg=             11    ws=              1    endgaps=       yes
data:   n=           12852    N=             612
sample: seed=           53    hsfrac=          0
        searchsize=  12852    norand=         no    csites=       1000
Letter frequencies in dataset:
A 0.283 C 0.217 G 0.217 T 0.283 
Background letter frequencies (from file dataset with add-one prior applied):
A 0.283 C 0.217 G 0.217 T 0.283 
Background model order: 0
********************************************************************************


********************************************************************************
MOTIF CACTTAAG MEME-1	width =   8  sites =  44  llr = 384  E-value = 1.0e-017
********************************************************************************
--------------------------------------------------------------------------------
	Motif CACTTAAG MEME-1 Description
--------------------------------------------------------------------------------
Simplified        A  29:::aa1
pos.-specific     C  7:a::::1
probability       G  :::::::8
matrix            T  11:aa::1

         bits    2.2   *     
                 2.0   *     
                 1.8   ***** 
                 1.5   ***** 
Relative         1.3  ****** 
Entropy          1.1  *******
(12.6 bits)      0.9 ********
                 0.7 ********
                 0.4 ********
                 0.2 ********
                 0.0 --------

Multilevel           CACTTAAG
consensus            A       
sequence                     
                             
--------------------------------------------------------------------------------

--------------------------------------------------------------------------------
	Motif CACTTAAG MEME-1 sites sorted by position p-value
--------------------------------------------------------------------------------
Sequence name            Strand  Start   P-value              Site
-------------            ------  ----- ---------            --------
15205                        +      3  1.85e-05         GA CACTTAAG AATGCGCCCC
15185                        +      6  1.85e-05      GCCAT CACTTAAG TTATCATC  
15069                        -     10  1.85e-05       CAAC CACTTAAG TGCACTTCA 
15028                        -      5  1.85e-05  CCTTGGGCG CACTTAAG AGAA      
15024                        -      2  1.85e-05 TAAGTCATCT CACTTAAG C         
15020                        +      1  1.85e-05          . CACTTAAG GACTTTTGCG
14995                        -      3  1.85e-05 GCTCCATCGG CACTTAAG TC        
14990                        +      2  1.85e-05          A CACTTAAG TACCCTGCAA
14960                        +      7  1.85e-05     AGCATG CACTTAAG CGAGAAG   
14859                        +     12  1.85e-05 AGTGCCGCTG CACTTAAG AC        
14805                        -      6  1.85e-05   CTAAACTT CACTTAAG TACGG     
14756                        +     14  1.85e-05 TCGACAAGTG CACTTAAG           
14732                        +      4  1.85e-05        GTA CACTTAAG TTAGTGTTAG
14711                        -      9  1.85e-05      TGGCG CACTTAAG TCCATCAA  
14691                        -     13  1.85e-05          G CACTTAAG CGGACTACCG
14687                        -      8  1.85e-05     ATACAA CACTTAAG GTACTAC   
15212                        +      3  4.27e-05         GG AACTTAAG GGAGAATTGT
15169                        -      9  4.27e-05      AAGTT AACTTAAG TTGGAATA  
14943                        +      3  4.27e-05         TG AACTTAAG CTTGGTATCG
14907                        -      3  4.27e-05 ATACTTGGCA AACTTAAG CA        
14885                        +      2  4.27e-05          C AACTTAAG CGTTACCCCA
14838                        -      2  4.27e-05 CGATCAAGTT AACTTAAG T         
14713                        -      9  4.27e-05      GTGCA AACTTAAG ATCCGTAG  
14683                        -      3  4.27e-05 ATCACCTGCC AACTTAAG TC        
15194                        +     13  6.13e-05 CGATTTATAG CTCTTAAG G         
15078                        +     13  6.13e-05 TCCGGAAACC CTCTTAAG T         
14968                        -      2  6.13e-05 CACAGAAGAG CTCTTAAG A         
14953                        -     10  6.13e-05       ACCT CTCTTAAG CATTCAATT 
15226                        +      9  1.04e-04   ACATTCCA CACTTAAC CAGCT     
15218                        +      5  1.04e-04       AGAT CACTTAAC CTAAATCAC 
15135                        +      3  1.04e-04         TC CACTTAAA TCGTTTCAAA
15080                        -      1  1.04e-04 ATCCCGGAAA CACTTAAA           
14681                        -      3  1.04e-04 CGTTGGATCG CACTTAAA TG        
14652                        -      1  1.04e-04 CAATGGATAC CACTTAAA           
14633                        +      8  1.04e-04    GAAAAGG CACTTAAC TAGTCT    
14842                        -      9  1.28e-04      GAGAT TACTTAAG CATGTTAC  
14734                        +     14  1.28e-04 GAGTTATCCT TACTTAAG           
14618                        -      2  1.28e-04 GTCGCTTAAG TACTTAAG T         
15173                        +      5  1.71e-04       CTCG CACTTAAT AGCGCAACT 
15134                        -     13  1.71e-04          T GACTTAAG GCCTCACACA
15004                        +      1  1.71e-04          . CACTTAAT TGTAGTTGCT
14820                        -      1  1.71e-04 TCTGTTGGTC GACTTAAG           
14767                        +      5  1.71e-04       AGCT CACTTAAT AGCTGCAAT 
14729                        +     13  1.95e-04 GGCTGCATGT ATCTTAAG A         
--------------------------------------------------------------------------------

--------------------------------------------------------------------------------
	Motif CACTTAAG MEME-1 block diagrams
--------------------------------------------------------------------------------
SEQUENCE NAME            POSITION P-VALUE  MOTIF DIAGRAM
-------------            ----------------  -------------
15205                             1.9e-05  2_[+1]_11
15185                             1.9e-05  5_[+1]_8
15069                             1.9e-05  9_[-1]_4
15028                             1.9e-05  4_[-1]_9
15024                             1.9e-05  1_[-1]_12
15020                             1.9e-05  [+1]_13
14995                             1.9e-05  2_[-1]_11
14990                             1.9e-05  1_[+1]_12
14960                             1.9e-05  6_[+1]_7
14859                             1.9e-05  11_[+1]_2
14805                             1.9e-05  5_[-1]_8
14756                             1.9e-05  13_[+1]
14732                             1.9e-05  3_[+1]_10
14711                             1.9e-05  8_[-1]_5
14691                             1.9e-05  12_[-1]_1
14687                             1.9e-05  7_[-1]_6
15212                             4.3e-05  2_[+1]_11
15169                             4.3e-05  8_[-1]_5
14943                             4.3e-05  2_[+1]_11
14907                             4.3e-05  2_[-1]_11
14885                             4.3e-05  1_[+1]_12
14838                             4.3e-05  1_[-1]_12
14713                             4.3e-05  8_[-1]_5
14683                             4.3e-05  2_[-1]_11
15194                             6.1e-05  12_[+1]_1
15078                             6.1e-05  12_[+1]_1
14968                             6.1e-05  1_[-1]_12
14953                             6.1e-05  9_[-1]_4
15226                              0.0001  8_[+1]_5
15218                              0.0001  4_[+1]_9
15135                              0.0001  2_[+1]_11
15080                              0.0001  [-1]_13
14681                              0.0001  2_[-1]_11
14652                              0.0001  [-1]_13
14633                              0.0001  7_[+1]_6
14842                             0.00013  8_[-1]_5
14734                             0.00013  13_[+1]
14618                             0.00013  1_[-1]_12
15173                             0.00017  4_[+1]_9
15134                             0.00017  12_[-1]_1
15004                             0.00017  [+1]_13
14820                             0.00017  [-1]_13
14767                             0.00017  4_[+1]_9
14729                              0.0002  12_[+1]_1
--------------------------------------------------------------------------------

--------------------------------------------------------------------------------
	Motif CACTTAAG MEME-1 in BLOCKS format
--------------------------------------------------------------------------------
BL   MOTIF CACTTAAG width=8 seqs=44
15205                    (    3) CACTTAAG  1 
15185                    (    6) CACTTAAG  1 
15069                    (   10) CACTTAAG  1 
15028                    (    5) CACTTAAG  1 
15024                    (    2) CACTTAAG  1 
15020                    (    1) CACTTAAG  1 
14995                    (    3) CACTTAAG  1 
14990                    (    2) CACTTAAG  1 
14960                    (    7) CACTTAAG  1 
14859                    (   12) CACTTAAG  1 
14805                    (    6) CACTTAAG  1 
14756                    (   14) CACTTAAG  1 
14732                    (    4) CACTTAAG  1 
14711                    (    9) CACTTAAG  1 
14691                    (   13) CACTTAAG  1 
14687                    (    8) CACTTAAG  1 
15212                    (    3) AACTTAAG  1 
15169                    (    9) AACTTAAG  1 
14943                    (    3) AACTTAAG  1 
14907                    (    3) AACTTAAG  1 
14885                    (    2) AACTTAAG  1 
14838                    (    2) AACTTAAG  1 
14713                    (    9) AACTTAAG  1 
14683                    (    3) AACTTAAG  1 
15194                    (   13) CTCTTAAG  1 
15078                    (   13) CTCTTAAG  1 
14968                    (    2) CTCTTAAG  1 
14953                    (   10) CTCTTAAG  1 
15226                    (    9) CACTTAAC  1 
15218                    (    5) CACTTAAC  1 
15135                    (    3) CACTTAAA  1 
15080                    (    1) CACTTAAA  1 
14681                    (    3) CACTTAAA  1 
14652                    (    1) CACTTAAA  1 
14633                    (    8) CACTTAAC  1 
14842                    (    9) TACTTAAG  1 
14734                    (   14) TACTTAAG  1 
14618                    (    2) TACTTAAG  1 
15173                    (    5) CACTTAAT  1 
15134                    (   13) GACTTAAG  1 
15004                    (    1) CACTTAAT  1 
14820                    (    1) GACTTAAG  1 
14767                    (    5) CACTTAAT  1 
14729                    (   13) ATCTTAAG  1 
//

--------------------------------------------------------------------------------

--------------------------------------------------------------------------------
	Motif CACTTAAG MEME-1 position-specific scoring matrix
--------------------------------------------------------------------------------
log-odds matrix: alength= 4 w= 8 n= 8568 bayes= 9.13618 E= 1.0e-017 
   -47    165   -225   -205 
   165  -1210  -1210   -132 
 -1210    220  -1210  -1210 
 -1210  -1210  -1210    182 
 -1210  -1210  -1210    182 
   182  -1210  -1210  -1210 
   182  -1210  -1210  -1210 
  -164   -167    183   -205 
--------------------------------------------------------------------------------

--------------------------------------------------------------------------------
	Motif CACTTAAG MEME-1 position-specific probability matrix
--------------------------------------------------------------------------------
letter-probability matrix: alength= 4 w= 8 nsites= 44 E= 1.0e-017 
 0.204545  0.681818  0.045455  0.068182 
 0.886364  0.000000  0.000000  0.113636 
 0.000000  1.000000  0.000000  0.000000 
 0.000000  0.000000  0.000000  1.000000 
 0.000000  0.000000  0.000000  1.000000 
 1.000000  0.000000  0.000000  0.000000 
 1.000000  0.000000  0.000000  0.000000 
 0.090909  0.068182  0.772727  0.068182 
--------------------------------------------------------------------------------

--------------------------------------------------------------------------------
	Motif CACTTAAG MEME-1 regular expression
--------------------------------------------------------------------------------
[CA]ACTTAAG
--------------------------------------------------------------------------------




Time 12.07 secs.

********************************************************************************


********************************************************************************
MOTIF AGSKACAACTNRSCT MEME-2	width =  15  sites =   6  llr = 87  E-value = 1.1e+004
********************************************************************************
--------------------------------------------------------------------------------
	Motif AGSKACAACTNRSCT MEME-2 Description
--------------------------------------------------------------------------------
Simplified        A  a:::8:7a::25:2:
pos.-specific     C  ::7::a2:a23278:
probability       G  :a37::::::233::
matrix            T  :::32:2::83:::a

         bits    2.2  *   *  *      
                 2.0  *   *  *      
                 1.8 **   * **     *
                 1.5 **   * **    **
Relative         1.3 ***  * ***  ***
Entropy          1.1 ****** ***  ***
(21.0 bits)      0.9 ****** ***  ***
                 0.7 ********** ****
                 0.4 ********** ****
                 0.2 ********** ****
                 0.0 ---------------

Multilevel           AGCGACAACTCACCT
consensus              GT      TGG  
sequence                            
                                    
--------------------------------------------------------------------------------

--------------------------------------------------------------------------------
	Motif AGSKACAACTNRSCT MEME-2 sites sorted by position p-value
--------------------------------------------------------------------------------
Sequence name            Strand  Start   P-value                 Site    
-------------            ------  ----- ---------            ---------------
14991                        +      1  7.25e-09          . AGCGACAACTCCCCT ACAGTG    
14977                        +      7  1.10e-08     AATCTC AGGGACAACTTACCT           
15149                        -      2  5.07e-08      CATGT AGCTACAACTAACCT A         
15088                        -      3  2.41e-07       ATCT AGGGACCACTGAGCT GA        
14964                        +      4  4.42e-07        AAT AGCGTCTACTTGGCT AAC       
14839                        -      1  5.14e-07     TGAGAC AGCTACAACCCGCAT           
--------------------------------------------------------------------------------

--------------------------------------------------------------------------------
	Motif AGSKACAACTNRSCT MEME-2 block diagrams
--------------------------------------------------------------------------------
SEQUENCE NAME            POSITION P-VALUE  MOTIF DIAGRAM
-------------            ----------------  -------------
14991                             7.2e-09  [+2]_6
14977                             1.1e-08  6_[+2]
15149                             5.1e-08  1_[-2]_5
15088                             2.4e-07  2_[-2]_4
14964                             4.4e-07  3_[+2]_3
14839                             5.1e-07  [-2]_6
--------------------------------------------------------------------------------

--------------------------------------------------------------------------------
	Motif AGSKACAACTNRSCT MEME-2 in BLOCKS format
--------------------------------------------------------------------------------
BL   MOTIF AGSKACAACTNRSCT width=15 seqs=6
14991                    (    1) AGCGACAACTCCCCT  1 
14977                    (    7) AGGGACAACTTACCT  1 
15149                    (    2) AGCTACAACTAACCT  1 
15088                    (    3) AGGGACCACTGAGCT  1 
14964                    (    4) AGCGTCTACTTGGCT  1 
14839                    (    1) AGCTACAACCCGCAT  1 
//

--------------------------------------------------------------------------------

--------------------------------------------------------------------------------
	Motif AGSKACAACTNRSCT MEME-2 position-specific scoring matrix
--------------------------------------------------------------------------------
log-odds matrix: alength= 4 w= 15 n= 4284 bayes= 9.92576 E= 1.1e+004 
   182   -923   -923   -923 
  -923   -923    220   -923 
  -923    162     62   -923 
  -923   -923    162     24 
   156   -923   -923    -76 
  -923    220   -923   -923 
   123    -38   -923    -76 
   182   -923   -923   -923 
  -923    220   -923   -923 
  -923    -38   -923    156 
   -76     62    -38     24 
    82    -38     62   -923 
  -923    162     62   -923 
   -76    194   -923   -923 
  -923   -923   -923    182 
--------------------------------------------------------------------------------

--------------------------------------------------------------------------------
	Motif AGSKACAACTNRSCT MEME-2 position-specific probability matrix
--------------------------------------------------------------------------------
letter-probability matrix: alength= 4 w= 15 nsites= 6 E= 1.1e+004 
 1.000000  0.000000  0.000000  0.000000 
 0.000000  0.000000  1.000000  0.000000 
 0.000000  0.666667  0.333333  0.000000 
 0.000000  0.000000  0.666667  0.333333 
 0.833333  0.000000  0.000000  0.166667 
 0.000000  1.000000  0.000000  0.000000 
 0.666667  0.166667  0.000000  0.166667 
 1.000000  0.000000  0.000000  0.000000 
 0.000000  1.000000  0.000000  0.000000 
 0.000000  0.166667  0.000000  0.833333 
 0.166667  0.333333  0.166667  0.333333 
 0.500000  0.166667  0.333333  0.000000 
 0.000000  0.666667  0.333333  0.000000 
 0.166667  0.833333  0.000000  0.000000 
 0.000000  0.000000  0.000000  1.000000 
--------------------------------------------------------------------------------

--------------------------------------------------------------------------------
	Motif AGSKACAACTNRSCT MEME-2 regular expression
--------------------------------------------------------------------------------
AG[CG][GT]ACAACT[CT][AG][CG]CT
--------------------------------------------------------------------------------




Time 16.22 secs.

********************************************************************************


********************************************************************************
MOTIF GTTAWYRCMGTKTST MEME-3	width =  15  sites =   6  llr = 88  E-value = 4.3e+004
********************************************************************************
--------------------------------------------------------------------------------
	Motif GTTAWYRCMGTKTST MEME-3 Description
--------------------------------------------------------------------------------
Simplified        A  :::a3:723::::22
pos.-specific     C  :::::3:85::::3:
probability       G  a::::23:2a:7:5:
matrix            T  :aa:75::::a3a:8

         bits    2.2 *        *     
                 2.0 *        *     
                 1.8 ****     ** *  
                 1.5 ****   * ** *  
Relative         1.3 ****   * ** *  
Entropy          1.1 ****  ** **** *
(21.1 bits)      0.9 ***** ** **** *
                 0.7 ***************
                 0.4 ***************
                 0.2 ***************
                 0.0 ---------------

Multilevel           GTTATTACCGTGTGT
consensus                ACG A  T C 
sequence                            
                                    
--------------------------------------------------------------------------------

--------------------------------------------------------------------------------
	Motif GTTAWYRCMGTKTST MEME-3 sites sorted by position p-value
--------------------------------------------------------------------------------
Sequence name            Strand  Start   P-value                 Site    
-------------            ------  ----- ---------            ---------------
15008                        +      7  3.36e-09     TCCATG GTTATTACCGTGTCT           
14947                        +      2  9.96e-09          T GTTATCACAGTGTGT AGCTA     
14768                        +      7  9.21e-08     CATGTA GTTAATACCGTGTAT           
14937                        -      6  2.06e-07          A GTTAACACAGTTTCT GGCCG     
15091                        +      4  2.78e-07        TTG GTTATTGCGGTGTGA ACT       
15003                        -      3  5.42e-07       TACT GTTATGGACGTTTGT AT        
--------------------------------------------------------------------------------

--------------------------------------------------------------------------------
	Motif GTTAWYRCMGTKTST MEME-3 block diagrams
--------------------------------------------------------------------------------
SEQUENCE NAME            POSITION P-VALUE  MOTIF DIAGRAM
-------------            ----------------  -------------
15008                             3.4e-09  6_[+3]
14947                               1e-08  1_[+3]_5
14768                             9.2e-08  6_[+3]
14937                             2.1e-07  5_[-3]_1
15091                             2.8e-07  3_[+3]_3
15003                             5.4e-07  2_[-3]_4
--------------------------------------------------------------------------------

--------------------------------------------------------------------------------
	Motif GTTAWYRCMGTKTST MEME-3 in BLOCKS format
--------------------------------------------------------------------------------
BL   MOTIF GTTAWYRCMGTKTST width=15 seqs=6
15008                    (    7) GTTATTACCGTGTCT  1 
14947                    (    2) GTTATCACAGTGTGT  1 
14768                    (    7) GTTAATACCGTGTAT  1 
14937                    (    6) GTTAACACAGTTTCT  1 
15091                    (    4) GTTATTGCGGTGTGA  1 
15003                    (    3) GTTATGGACGTTTGT  1 
//

--------------------------------------------------------------------------------

--------------------------------------------------------------------------------
	Motif GTTAWYRCMGTKTST MEME-3 position-specific scoring matrix
--------------------------------------------------------------------------------
log-odds matrix: alength= 4 w= 15 n= 4284 bayes= 8.25267 E= 4.3e+004 
  -923   -923    220   -923 
  -923   -923   -923    182 
  -923   -923   -923    182 
   182   -923   -923   -923 
    24   -923   -923    123 
  -923     62    -38     82 
   123   -923     62   -923 
   -76    194   -923   -923 
    24    120    -38   -923 
  -923   -923    220   -923 
  -923   -923   -923    182 
  -923   -923    162     24 
  -923   -923   -923    182 
   -76     62    120   -923 
   -76   -923   -923    156 
--------------------------------------------------------------------------------

--------------------------------------------------------------------------------
	Motif GTTAWYRCMGTKTST MEME-3 position-specific probability matrix
--------------------------------------------------------------------------------
letter-probability matrix: alength= 4 w= 15 nsites= 6 E= 4.3e+004 
 0.000000  0.000000  1.000000  0.000000 
 0.000000  0.000000  0.000000  1.000000 
 0.000000  0.000000  0.000000  1.000000 
 1.000000  0.000000  0.000000  0.000000 
 0.333333  0.000000  0.000000  0.666667 
 0.000000  0.333333  0.166667  0.500000 
 0.666667  0.000000  0.333333  0.000000 
 0.166667  0.833333  0.000000  0.000000 
 0.333333  0.500000  0.166667  0.000000 
 0.000000  0.000000  1.000000  0.000000 
 0.000000  0.000000  0.000000  1.000000 
 0.000000  0.000000  0.666667  0.333333 
 0.000000  0.000000  0.000000  1.000000 
 0.166667  0.333333  0.500000  0.000000 
 0.166667  0.000000  0.000000  0.833333 
--------------------------------------------------------------------------------

--------------------------------------------------------------------------------
	Motif GTTAWYRCMGTKTST MEME-3 regular expression
--------------------------------------------------------------------------------
GTTA[TA][TC][AG]C[CA]GT[GT]T[GC]T
--------------------------------------------------------------------------------




Time 20.14 secs.

********************************************************************************


********************************************************************************
MOTIF GKTGCTGCTSMCCGYGWTYT MEME-4	width =  20  sites =   2  llr = 49  E-value = 7.1e+004
********************************************************************************
--------------------------------------------------------------------------------
	Motif GKTGCTGCTSMCCGYGWTYT MEME-4 Description
--------------------------------------------------------------------------------
Simplified        A  ::::::::::5:::::5:::
pos.-specific     C  ::::a::a:55aa:5:::5:
probability       G  a5:a::a::5:::a:a::::
matrix            T  :5a::a::a:::::5:5a5a

         bits    2.2 *  ** **   *** *    
                 2.0 *  ** **   *** *    
                 1.8 * *******  *** * * *
                 1.5 * *******  *** * * *
Relative         1.3 * *******  *** * * *
Entropy          1.1 **************** ***
(35.0 bits)      0.9 ********************
                 0.7 ********************
                 0.4 ********************
                 0.2 ********************
                 0.0 --------------------

Multilevel           GGTGCTGCTCACCGCGATCT
consensus             T       GC   T T T 
sequence                                 
                                         
--------------------------------------------------------------------------------

--------------------------------------------------------------------------------
	Motif GKTGCTGCTSMCCGYGWTYT MEME-4 sites sorted by position p-value
--------------------------------------------------------------------------------
Sequence name            Strand  Start   P-value                    Site      
-------------            ------  ----- ---------            --------------------
14619                        +      1  6.56e-12          . GGTGCTGCTCCCCGTGATCT G         
14930                        +      1  2.67e-11          . GTTGCTGCTGACCGCGTTTT C         
--------------------------------------------------------------------------------

--------------------------------------------------------------------------------
	Motif GKTGCTGCTSMCCGYGWTYT MEME-4 block diagrams
--------------------------------------------------------------------------------
SEQUENCE NAME            POSITION P-VALUE  MOTIF DIAGRAM
-------------            ----------------  -------------
14619                             6.6e-12  [+4]_1
14930                             2.7e-11  [+4]_1
--------------------------------------------------------------------------------

--------------------------------------------------------------------------------
	Motif GKTGCTGCTSMCCGYGWTYT MEME-4 in BLOCKS format
--------------------------------------------------------------------------------
BL   MOTIF GKTGCTGCTSMCCGYGWTYT width=20 seqs=2
14619                    (    1) GGTGCTGCTCCCCGTGATCT  1 
14930                    (    1) GTTGCTGCTGACCGCGTTTT  1 
//

--------------------------------------------------------------------------------

--------------------------------------------------------------------------------
	Motif GKTGCTGCTSMCCGYGWTYT MEME-4 position-specific scoring matrix
--------------------------------------------------------------------------------
log-odds matrix: alength= 4 w= 20 n= 1224 bayes= 9.25503 E= 7.1e+004 
  -765   -765    220   -765 
  -765   -765    120     82 
  -765   -765   -765    182 
  -765   -765    220   -765 
  -765    220   -765   -765 
  -765   -765   -765    182 
  -765   -765    220   -765 
  -765    220   -765   -765 
  -765   -765   -765    182 
  -765    120    120   -765 
    82    120   -765   -765 
  -765    220   -765   -765 
  -765    220   -765   -765 
  -765   -765    220   -765 
  -765    120   -765     82 
  -765   -765    220   -765 
    82   -765   -765     82 
  -765   -765   -765    182 
  -765    120   -765     82 
  -765   -765   -765    182 
--------------------------------------------------------------------------------

--------------------------------------------------------------------------------
	Motif GKTGCTGCTSMCCGYGWTYT MEME-4 position-specific probability matrix
--------------------------------------------------------------------------------
letter-probability matrix: alength= 4 w= 20 nsites= 2 E= 7.1e+004 
 0.000000  0.000000  1.000000  0.000000 
 0.000000  0.000000  0.500000  0.500000 
 0.000000  0.000000  0.000000  1.000000 
 0.000000  0.000000  1.000000  0.000000 
 0.000000  1.000000  0.000000  0.000000 
 0.000000  0.000000  0.000000  1.000000 
 0.000000  0.000000  1.000000  0.000000 
 0.000000  1.000000  0.000000  0.000000 
 0.000000  0.000000  0.000000  1.000000 
 0.000000  0.500000  0.500000  0.000000 
 0.500000  0.500000  0.000000  0.000000 
 0.000000  1.000000  0.000000  0.000000 
 0.000000  1.000000  0.000000  0.000000 
 0.000000  0.000000  1.000000  0.000000 
 0.000000  0.500000  0.000000  0.500000 
 0.000000  0.000000  1.000000  0.000000 
 0.500000  0.000000  0.000000  0.500000 
 0.000000  0.000000  0.000000  1.000000 
 0.000000  0.500000  0.000000  0.500000 
 0.000000  0.000000  0.000000  1.000000 
--------------------------------------------------------------------------------

--------------------------------------------------------------------------------
	Motif GKTGCTGCTSMCCGYGWTYT MEME-4 regular expression
--------------------------------------------------------------------------------
G[GT]TGCTGCT[CG][AC]CCG[CT]G[AT]T[CT]T
--------------------------------------------------------------------------------




Time 24.05 secs.

********************************************************************************


********************************************************************************
MOTIF GTGWGTKTCCYCYAG MEME-5	width =  15  sites =   3  llr = 56  E-value = 8.9e+004
********************************************************************************
--------------------------------------------------------------------------------
	Motif GTGWGTKTCCYCYAG MEME-5 Description
--------------------------------------------------------------------------------
Simplified        A  :::7:::::::::a:
pos.-specific     C  ::::::::aa3a7::
probability       G  a:a:a:3:::::::a
matrix            T  :a:3:a7a::7:3::

         bits    2.2 * * *   ** *  *
                 2.0 * * *   ** *  *
                 1.8 *** ** *** * **
                 1.5 *** ** *** * **
Relative         1.3 *** ** *** * **
Entropy          1.1 *** ***********
(26.8 bits)      0.9 ***************
                 0.7 ***************
                 0.4 ***************
                 0.2 ***************
                 0.0 ---------------

Multilevel           GTGAGTTTCCTCCAG
consensus               T  G   C T  
sequence                            
                                    
--------------------------------------------------------------------------------

--------------------------------------------------------------------------------
	Motif GTGWGTKTCCYCYAG MEME-5 sites sorted by position p-value
--------------------------------------------------------------------------------
Sequence name            Strand  Start   P-value                 Site    
-------------            ------  ----- ---------            ---------------
15114                        +      5  7.15e-10       CTAA GTGAGTTTCCTCCAG CT        
15174                        +      2  4.97e-09          A GTGTGTTTCCCCCAG GGCGC     
14841                        +      3  6.40e-09         CG GTGAGTGTCCTCTAG AGTG      
--------------------------------------------------------------------------------

--------------------------------------------------------------------------------
	Motif GTGWGTKTCCYCYAG MEME-5 block diagrams
--------------------------------------------------------------------------------
SEQUENCE NAME            POSITION P-VALUE  MOTIF DIAGRAM
-------------            ----------------  -------------
15114                             7.1e-10  4_[+5]_2
15174                               5e-09  1_[+5]_5
14841                             6.4e-09  2_[+5]_4
--------------------------------------------------------------------------------

--------------------------------------------------------------------------------
	Motif GTGWGTKTCCYCYAG MEME-5 in BLOCKS format
--------------------------------------------------------------------------------
BL   MOTIF GTGWGTKTCCYCYAG width=15 seqs=3
15114                    (    5) GTGAGTTTCCTCCAG  1 
15174                    (    2) GTGTGTTTCCCCCAG  1 
14841                    (    3) GTGAGTGTCCTCTAG  1 
//

--------------------------------------------------------------------------------

--------------------------------------------------------------------------------
	Motif GTGWGTKTCCYCYAG MEME-5 position-specific scoring matrix
--------------------------------------------------------------------------------
log-odds matrix: alength= 4 w= 15 n= 4284 bayes= 10.9265 E= 8.9e+004 
  -823   -823    220   -823 
  -823   -823   -823    182 
  -823   -823    220   -823 
   123   -823   -823     23 
  -823   -823    220   -823 
  -823   -823   -823    182 
  -823   -823     62    123 
  -823   -823   -823    182 
  -823    220   -823   -823 
  -823    220   -823   -823 
  -823     62   -823    123 
  -823    220   -823   -823 
  -823    162   -823     23 
   182   -823   -823   -823 
  -823   -823    220   -823 
--------------------------------------------------------------------------------

--------------------------------------------------------------------------------
	Motif GTGWGTKTCCYCYAG MEME-5 position-specific probability matrix
--------------------------------------------------------------------------------
letter-probability matrix: alength= 4 w= 15 nsites= 3 E= 8.9e+004 
 0.000000  0.000000  1.000000  0.000000 
 0.000000  0.000000  0.000000  1.000000 
 0.000000  0.000000  1.000000  0.000000 
 0.666667  0.000000  0.000000  0.333333 
 0.000000  0.000000  1.000000  0.000000 
 0.000000  0.000000  0.000000  1.000000 
 0.000000  0.000000  0.333333  0.666667 
 0.000000  0.000000  0.000000  1.000000 
 0.000000  1.000000  0.000000  0.000000 
 0.000000  1.000000  0.000000  0.000000 
 0.000000  0.333333  0.000000  0.666667 
 0.000000  1.000000  0.000000  0.000000 
 0.000000  0.666667  0.000000  0.333333 
 1.000000  0.000000  0.000000  0.000000 
 0.000000  0.000000  1.000000  0.000000 
--------------------------------------------------------------------------------

--------------------------------------------------------------------------------
	Motif GTGWGTKTCCYCYAG MEME-5 regular expression
--------------------------------------------------------------------------------
GTG[AT]GT[TG]TCC[TC]C[CT]AG
--------------------------------------------------------------------------------




Time 28.03 secs.

********************************************************************************


********************************************************************************
MOTIF GGWACGBSTCTWWAG MEME-6	width =  15  sites =   5  llr = 77  E-value = 7.7e+004
********************************************************************************
--------------------------------------------------------------------------------
	Motif GGWACGBSTCTWWAG MEME-6 Description
--------------------------------------------------------------------------------
Simplified        A  2:46:::::::668:
pos.-specific     C  ::::a:24:a:::2:
probability       G  8a:2:a46::::::a
matrix            T  ::62::4:a:a44::

         bits    2.2  *  **   *    *
                 2.0  *  **   *    *
                 1.8  *  **  ***   *
                 1.5  *  **  ***   *
Relative         1.3 **  ** ****   *
Entropy          1.1 **  ** ****  **
(22.1 bits)      0.9 *** ** ********
                 0.7 *** ** ********
                 0.4 ***************
                 0.2 ***************
                 0.0 ---------------

Multilevel           GGTACGGGTCTAAAG
consensus            A AG  TC   TTC 
sequence                T  C        
                                    
--------------------------------------------------------------------------------

--------------------------------------------------------------------------------
	Motif GGWACGBSTCTWWAG MEME-6 sites sorted by position p-value
--------------------------------------------------------------------------------
Sequence name            Strand  Start   P-value                 Site    
-------------            ------  ----- ---------            ---------------
15055                        +      6  4.51e-09      AAAGT GGTACGGGTCTTAAG A         
15098                        -      2  1.32e-08      TAGAT GGAACGGCTCTAAAG C         
15013                        +      4  7.92e-08        ATA GGTGCGCGTCTATAG AGT       
14832                        -      4  1.78e-07        TAT GGTTCGTCTCTAACG GGA       
14870                        +      3  1.98e-07         CG AGAACGTGTCTTTAG TCCA      
--------------------------------------------------------------------------------

--------------------------------------------------------------------------------
	Motif GGWACGBSTCTWWAG MEME-6 block diagrams
--------------------------------------------------------------------------------
SEQUENCE NAME            POSITION P-VALUE  MOTIF DIAGRAM
-------------            ----------------  -------------
15055                             4.5e-09  5_[+6]_1
15098                             1.3e-08  1_[-6]_5
15013                             7.9e-08  3_[+6]_3
14832                             1.8e-07  3_[-6]_3
14870                               2e-07  2_[+6]_4
--------------------------------------------------------------------------------

--------------------------------------------------------------------------------
	Motif GGWACGBSTCTWWAG MEME-6 in BLOCKS format
--------------------------------------------------------------------------------
BL   MOTIF GGWACGBSTCTWWAG width=15 seqs=5
15055                    (    6) GGTACGGGTCTTAAG  1 
15098                    (    2) GGAACGGCTCTAAAG  1 
15013                    (    4) GGTGCGCGTCTATAG  1 
14832                    (    4) GGTTCGTCTCTAACG  1 
14870                    (    3) AGAACGTGTCTTTAG  1 
//

--------------------------------------------------------------------------------

--------------------------------------------------------------------------------
	Motif GGWACGBSTCTWWAG MEME-6 position-specific scoring matrix
--------------------------------------------------------------------------------
log-odds matrix: alength= 4 w= 15 n= 4284 bayes= 9.99294 E= 7.7e+004 
   -50   -897    188   -897 
  -897   -897    220   -897 
    50   -897   -897    108 
   108   -897    -12    -50 
  -897    220   -897   -897 
  -897   -897    220   -897 
  -897    -12     88     50 
  -897     88    147   -897 
  -897   -897   -897    182 
  -897    220   -897   -897 
  -897   -897   -897    182 
   108   -897   -897     50 
   108   -897   -897     50 
   150    -12   -897   -897 
  -897   -897    220   -897 
--------------------------------------------------------------------------------

--------------------------------------------------------------------------------
	Motif GGWACGBSTCTWWAG MEME-6 position-specific probability matrix
--------------------------------------------------------------------------------
letter-probability matrix: alength= 4 w= 15 nsites= 5 E= 7.7e+004 
 0.200000  0.000000  0.800000  0.000000 
 0.000000  0.000000  1.000000  0.000000 
 0.400000  0.000000  0.000000  0.600000 
 0.600000  0.000000  0.200000  0.200000 
 0.000000  1.000000  0.000000  0.000000 
 0.000000  0.000000  1.000000  0.000000 
 0.000000  0.200000  0.400000  0.400000 
 0.000000  0.400000  0.600000  0.000000 
 0.000000  0.000000  0.000000  1.000000 
 0.000000  1.000000  0.000000  0.000000 
 0.000000  0.000000  0.000000  1.000000 
 0.600000  0.000000  0.000000  0.400000 
 0.600000  0.000000  0.000000  0.400000 
 0.800000  0.200000  0.000000  0.000000 
 0.000000  0.000000  1.000000  0.000000 
--------------------------------------------------------------------------------

--------------------------------------------------------------------------------
	Motif GGWACGBSTCTWWAG MEME-6 regular expression
--------------------------------------------------------------------------------
[GA]G[TA][AGT]CG[GTC][GC]TCT[AT][AT][AC]G
--------------------------------------------------------------------------------




Time 31.92 secs.

********************************************************************************


********************************************************************************
SUMMARY OF MOTIFS
********************************************************************************

--------------------------------------------------------------------------------
	Combined block diagrams: non-overlapping sites with p-value < 0.0001
--------------------------------------------------------------------------------
SEQUENCE NAME            COMBINED P-VALUE  MOTIF DIAGRAM
-------------            ----------------  -------------
14616                            4.46e-01  21
14617                            9.13e-01  21
14618                            8.80e-02  21
14619                            2.91e-08  [+4(6.56e-12)]_1
14620                            9.82e-01  21
14621                            1.98e-01  21
14622                            2.09e-01  21
14623                            7.29e-01  21
14624                            7.89e-01  21
14625                            3.39e-01  21
14626                            1.58e-01  21
14627                            7.64e-01  21
14628                            9.29e-01  21
14629                            7.11e-01  21
14630                            2.55e-01  21
14631                            2.14e-01  21
14632                            3.11e-01  21
14633                            1.03e-02  21
14634                            1.11e-02  21
14635                            7.08e-02  21
14636                            1.92e-01  21
14637                            9.68e-01  21
14638                            7.98e-01  21
14639                            1.47e-01  21
14640                            5.80e-01  21
14641                            2.06e-01  21
14642                            3.29e-01  21
14643                            1.12e-01  21
14644                            8.46e-01  21
14645                            6.25e-01  21
14646                            4.38e-01  21
14647                            9.05e-01  21
14648                            1.04e-01  21
14649                            4.31e-01  21
14650                            5.30e-01  21
14651                            5.39e-02  21
14652                            6.34e-02  21
14653                            5.08e-01  21
14654                            1.30e-01  21
14655                            3.36e-01  21
14656                            2.63e-01  21
14657                            6.35e-01  21
14658                            9.60e-01  21
14659                            6.75e-01  21
14660                            4.23e-01  21
14661                            7.06e-01  21
14662                            7.81e-01  21
14663                            6.00e-01  21
14664                            5.02e-01  21
14665                            5.35e-01  21
14666                            9.71e-01  21
14667                            8.96e-01  21
14668                            2.63e-01  21
14669                            2.01e-01  21
14670                            4.12e-01  21
14671                            8.94e-01  21
14672                            4.00e-01  21
14673                            9.42e-01  21
14674                            1.04e-01  21
14675                            6.53e-01  21
14676                            6.55e-01  21
14677                            1.68e-02  21
14678                            9.47e-01  21
14679                            1.59e-01  21
14680                            2.00e-01  21
14681                            1.13e-02  21
14682                            8.89e-01  21
14683                            1.13e-01  2_[-1(4.27e-05)]_11
14684                            2.75e-01  21
14685                            4.76e-01  21
14686                            8.73e-02  21
14687                            1.13e-01  7_[-1(1.85e-05)]_6
14688                            4.79e-01  21
14689                            2.90e-01  21
14690                            3.47e-01  21
14691                            1.24e-03  12_[-1(1.85e-05)]_1
14692                            1.50e-01  21
14693                            5.88e-01  21
14694                            8.96e-01  21
14695                            2.07e-02  21
14696                            7.43e-01  21
14697                            1.80e-01  21
14698                            3.09e-01  21
14699                            2.95e-01  21
14700                            8.78e-01  21
14701                            4.41e-01  21
14702                            7.29e-02  21
14703                            8.14e-01  21
14704                            2.31e-01  21
14705                            2.44e-01  21
14706                            9.25e-01  21
14707                            3.65e-01  21
14708                            8.05e-01  21
14709                            8.19e-01  21
14710                            4.34e-01  21
14711                            8.40e-02  8_[-1(1.85e-05)]_5
14712                            2.70e-01  21
14713                            8.11e-02  8_[-1(4.27e-05)]_5
14714                            6.01e-01  21
14715                            7.96e-01  21
14716                            3.64e-01  21
14717                            1.03e-01  21
14718                            2.10e-01  21
14719                            3.59e-01  21
14720                            9.10e-01  21
14721                            6.73e-01  21
14722                            2.79e-01  21
14723                            6.19e-01  21
14724                            2.48e-01  21
14725                            6.58e-02  21
14726                            2.48e-01  21
14727                            3.28e-01  21
14728                            4.25e-01  21
14729                            9.01e-04  21
14730                            5.78e-01  21
14731                            7.44e-01  21
14732                            2.28e-02  3_[+1(1.85e-05)]_10
14733                            8.37e-01  21
14734                            3.58e-02  21
14735                            4.99e-01  21
14736                            5.17e-01  21
14737                            5.05e-01  21
14738                            8.10e-01  21
14739                            5.47e-01  21
14740                            7.69e-01  21
14741                            1.04e-01  21
14742                            1.81e-01  21
14743                            8.69e-01  21
14744                            8.87e-01  21
14745                            9.63e-01  21
14746                            5.66e-01  21
14747                            4.22e-01  21
14748                            7.12e-01  21
14749                            4.34e-01  21
14750                            2.73e-01  21
14751                            8.89e-01  21
14752                            9.95e-01  21
14753                            7.53e-01  21
14754                            1.68e-01  21
14755                            7.54e-01  21
14756                            1.70e-03  13_[+1(1.85e-05)]
14757                            1.64e-01  21
14758                            5.08e-01  21
14759                            6.71e-01  21
14760                            8.93e-02  21
14761                            8.28e-01  21
14762                            9.32e-01  21
14763                            5.00e-01  21
14764                            9.06e-01  21
14765                            2.90e-01  21
14766                            2.91e-02  21
14767                            3.18e-02  21
14768                            6.13e-05  6_[+3(9.21e-08)]
14769                            2.13e-02  21
14770                            8.40e-01  21
14771                            5.25e-01  21
14772                            8.66e-03  21
14773                            3.48e-01  21
14774                            6.66e-01  21
14775                            6.72e-01  21
14776                            7.01e-01  21
14777                            5.46e-01  21
14778                            4.59e-01  21
14779                            8.17e-02  21
14780                            7.50e-01  21
14781                            8.19e-01  21
14782                            9.68e-01  21
14783                            1.41e-01  21
14784                            9.47e-02  21
14785                            8.79e-01  21
14786                            6.26e-01  21
14787                            3.03e-01  21
14788                            2.60e-01  21
14789                            4.88e-01  21
14790                            6.03e-01  21
14791                            8.37e-01  21
14792                            8.53e-01  21
14793                            1.55e-01  21
14794                            6.66e-01  21
14795                            4.59e-01  21
14796                            7.30e-01  21
14797                            8.19e-01  21
14798                            4.16e-01  21
14799                            4.60e-01  21
14800                            8.06e-01  21
14801                            1.54e-01  21
14802                            6.70e-01  21
14803                            3.86e-01  21
14804                            5.28e-01  21
14805                            2.77e-03  5_[-1(1.85e-05)]_8
14806                            4.58e-01  21
14807                            5.18e-01  21
14808                            3.14e-01  21
14809                            5.98e-01  21
14810                            5.01e-02  21
14811                            6.07e-01  21
14812                            9.01e-01  21
14813                            6.53e-01  21
14814                            2.68e-01  21
14815                            1.72e-01  21
14816                            3.37e-01  21
14817                            4.85e-01  21
14818                            7.02e-03  21
14819                            9.89e-01  21
14820                            1.38e-02  21
14821                            1.55e-01  21
14822                            4.84e-01  21
14823                            7.38e-01  21
14824                            3.26e-01  21
14825                            9.25e-01  21
14826                            3.95e-01  21
14827                            5.53e-01  21
14828                            5.97e-01  21
14829                            1.21e-01  21
14830                            4.63e-01  21
14831                            8.92e-01  21
14832                            8.63e-04  3_[-6(1.78e-07)]_3
14833                            3.26e-02  21
14834                            1.90e-01  21
14835                            9.98e-01  21
14836                            7.80e-01  21
14837                            4.21e-01  21
14838                            4.61e-02  1_[-1(4.27e-05)]_12
14839                            4.30e-04  [-2(5.14e-07)]_6
14840                            6.16e-02  21
14841                            1.05e-06  2_[+5(6.40e-09)]_4
14842                            8.82e-02  21
14843                            8.85e-01  21
14844                            3.55e-01  21
14845                            5.63e-01  21
14846                            6.01e-01  21
14847                            1.60e-01  21
14848                            9.63e-01  21
14849                            1.01e-01  21
14850                            8.85e-03  21
14851                            5.45e-02  21
14852                            6.47e-01  21
14853                            7.38e-01  21
14854                            5.33e-02  21
14855                            1.19e-01  21
14856                            8.56e-01  21
14857                            5.78e-01  21
14858                            8.14e-01  21
14859                            2.22e-04  11_[+1(1.85e-05)]_2
14860                            4.96e-01  21
14861                            1.52e-02  21
14862                            9.56e-01  21
14863                            7.50e-01  21
14864                            5.16e-01  21
14865                            2.25e-01  21
14866                            5.76e-01  21
14867                            3.84e-01  21
14868                            3.53e-01  21
14869                            5.11e-01  21
14870                            2.02e-04  2_[+6(1.98e-07)]_4
14871                            4.81e-02  21
14872                            4.95e-01  21
14873                            9.36e-01  21
14874                            8.27e-01  21
14875                            2.90e-02  21
14876                            6.78e-01  21
14877                            9.79e-01  21
14878                            3.20e-01  21
14879                            7.00e-01  21
14880                            4.14e-01  21
14881                            8.71e-01  21
14882                            4.79e-01  21
14883                            4.90e-01  21
14884                            7.38e-01  21
14885                            1.91e-02  1_[+1(4.27e-05)]_12
14886                            1.30e-01  21
14887                            5.41e-03  21
14888                            7.60e-01  21
14889                            8.12e-01  21
14890                            9.33e-01  21
14891                            2.65e-01  21
14892                            1.79e-01  21
14893                            6.97e-01  21
14894                            2.31e-01  21
14895                            6.28e-01  21
14896                            6.12e-01  21
14897                            4.32e-01  21
14898                            7.36e-01  21
14899                            8.45e-01  21
14900                            1.08e-01  21
14901                            9.02e-01  21
14902                            8.24e-01  21
14903                            9.88e-01  21
14904                            1.09e-01  21
14905                            9.62e-01  21
14906                            8.34e-01  21
14907                            4.13e-02  2_[-1(4.27e-05)]_11
14908                            1.82e-01  21
14909                            4.80e-01  21
14910                            2.84e-01  21
14911                            3.04e-01  21
14912                            6.91e-01  21
14913                            7.07e-01  21
14914                            6.74e-01  21
14915                            8.47e-01  21
14916                            4.16e-01  21
14917                            1.11e-01  21
14918                            9.22e-01  21
14919                            4.93e-01  21
14920                            4.07e-02  21
14921                            5.89e-01  21
14922                            7.02e-01  21
14923                            9.81e-01  21
14924                            9.51e-01  21
14925                            3.59e-01  21
14926                            3.83e-02  21
14927                            1.05e-01  21
14928                            5.76e-01  21
14929                            1.94e-01  21
14930                            7.75e-07  [+4(2.67e-11)]_1
14931                            1.70e-01  21
14932                            1.27e-01  21
14933                            4.46e-01  21
14934                            9.52e-01  21
14935                            2.80e-01  21
14936                            5.05e-01  21
14937                            2.15e-04  5_[-3(2.06e-07)]_1
14938                            9.45e-01  21
14939                            3.07e-01  21
14940                            1.99e-01  21
14941                            1.92e-01  21
14942                            6.42e-01  21
14943                            1.91e-02  2_[+1(4.27e-05)]_11
14944                            3.63e-02  21
14945                            4.95e-01  21
14946                            5.85e-01  21
14947                            4.74e-04  1_[+3(9.96e-09)]_5
14948                            1.25e-01  21
14949                            7.86e-01  21
14950                            5.01e-01  21
14951                            7.07e-01  21
14952                            3.34e-01  21
14953                            1.81e-01  9_[-1(6.13e-05)]_4
14954                            4.51e-01  21
14955                            2.33e-01  21
14956                            7.23e-01  21
14957                            9.29e-01  21
14958                            6.44e-01  21
14959                            3.64e-01  21
14960                            5.82e-02  6_[+1(1.85e-05)]_7
14961                            8.11e-01  21
14962                            3.48e-01  21
14963                            8.76e-01  21
14964                            6.34e-04  3_[+2(4.42e-07)]_3
14965                            7.90e-02  21
14966                            1.81e-01  21
14967                            3.40e-01  21
14968                            1.19e-03  1_[-1(6.13e-05)]_12
14969                            9.96e-01  21
14970                            9.43e-01  21
14971                            1.61e-02  21
14972                            8.68e-01  21
14973                            9.74e-01  21
14974                            5.71e-01  21
14975                            2.86e-01  21
14976                            9.15e-01  21
14977                            3.84e-06  6_[+2(1.10e-08)]
14978                            8.07e-01  21
14979                            9.31e-01  21
14980                            7.76e-01  21
14981                            2.22e-01  21
14982                            9.91e-01  21
14983                            2.45e-01  21
14984                            1.78e-01  21
14985                            7.04e-01  21
14986                            7.38e-01  21
14987                            3.76e-01  21
14988                            6.39e-01  21
14989                            6.92e-01  21
14990                            1.95e-03  1_[+1(1.85e-05)]_12
14991                            3.03e-06  [+2(7.25e-09)]_6
14992                            8.93e-02  21
14993                            9.40e-01  21
14994                            3.74e-01  21
14995                            9.74e-04  2_[-1(1.85e-05)]_11
14996                            4.99e-01  21
14997                            9.87e-01  21
14998                            9.07e-01  21
14999                            3.75e-01  21
15000                            2.32e-01  21
15001                            2.77e-01  21
15002                            9.68e-01  21
15003                            1.58e-03  2_[-3(5.42e-07)]_4
15004                            1.11e-02  21
15005                            4.78e-01  21
15006                            4.03e-01  21
15007                            6.81e-01  21
15008                            2.29e-04  6_[+3(3.36e-09)]
15009                            5.56e-01  21
15010                            9.75e-01  21
15011                            7.81e-02  21
15012                            2.86e-01  21
15013                            1.24e-03  3_[+6(7.92e-08)]_3
15014                            1.97e-01  21
15015                            7.90e-01  21
15016                            6.83e-01  21
15017                            4.20e-01  21
15018                            6.10e-01  21
15019                            9.19e-01  21
15020                            1.13e-03  [+1(1.85e-05)]_13
15021                            9.60e-01  21
15022                            6.08e-01  21
15023                            1.95e-01  21
15024                            3.05e-03  1_[-1(1.85e-05)]_12
15025                            5.23e-01  21
15026                            9.49e-01  21
15027                            8.57e-01  21
15028                            1.60e-02  4_[-1(1.85e-05)]_9
15029                            9.73e-01  21
15030                            7.05e-01  21
15031                            9.18e-01  21
15032                            8.33e-01  21
15033                            9.25e-01  21
15034                            8.89e-01  21
15035                            6.74e-01  21
15036                            6.28e-01  21
15037                            3.57e-01  21
15038                            9.21e-01  21
15039                            5.71e-03  6_[-3(3.10e-05)]
15040                            6.13e-01  21
15041                            7.52e-01  21
15042                            6.59e-02  21
15043                            7.74e-01  21
15044                            7.27e-01  21
15045                            4.51e-01  21
15046                            7.52e-02  21
15047                            2.94e-01  21
15048                            6.84e-01  21
15049                            8.58e-01  21
15050                            3.72e-01  21
15051                            9.45e-01  21
15052                            5.98e-01  21
15053                            4.92e-01  21
15054                            8.05e-01  21
15055                            3.98e-06  5_[+6(4.51e-09)]_1
15056                            2.54e-01  21
15057                            4.59e-01  21
15058                            3.43e-01  21
15059                            3.71e-01  21
15060                            4.31e-01  21
15061                            4.20e-02  21
15062                            4.21e-01  21
15063                            7.69e-01  21
15064                            9.08e-02  21
15065                            7.74e-01  21
15066                            7.62e-01  21
15067                            6.68e-01  21
15068                            7.61e-01  21
15069                            1.04e-02  7_[+1(1.85e-05)]_6
15070                            5.04e-01  21
15071                            4.86e-01  21
15072                            7.78e-01  21
15073                            3.76e-01  21
15074                            6.37e-01  21
15075                            2.32e-01  21
15076                            4.50e-01  21
15077                            7.33e-01  21
15078                            5.13e-05  12_[+1(6.13e-05)]_1
15079                            6.26e-01  21
15080                            1.67e-02  21
15081                            3.84e-01  21
15082                            3.76e-01  21
15083                            1.32e-01  21
15084                            2.33e-01  21
15085                            4.00e-02  21
15086                            2.61e-01  21
15087                            6.27e-01  21
15088                            1.26e-04  2_[-2(2.41e-07)]_4
15089                            5.03e-01  21
15090                            8.34e-02  21
15091                            2.91e-03  3_[+3(2.78e-07)]_3
15092                            7.32e-01  21
15093                            8.88e-01  21
15094                            8.77e-01  21
15095                            4.57e-01  21
15096                            5.18e-01  21
15097                            6.90e-01  21
15098                            1.95e-06  1_[-6(1.32e-08)]_5
15099                            7.36e-01  21
15100                            4.82e-01  21
15101                            2.14e-01  21
15102                            6.82e-01  21
15103                            8.45e-02  21
15104                            1.88e-01  21
15105                            2.49e-01  21
15106                            3.54e-01  21
15107                            8.86e-01  21
15108                            6.07e-01  21
15109                            2.00e-01  21
15110                            1.40e-01  21
15111                            2.03e-01  21
15112                            8.54e-01  21
15113                            9.00e-01  21
15114                            8.21e-06  4_[+5(7.15e-10)]_2
15115                            6.42e-01  21
15116                            1.38e-01  21
15117                            7.47e-01  21
15118                            8.30e-01  21
15119                            1.77e-02  21
15120                            6.10e-01  21
15121                            2.70e-01  21
15122                            1.75e-01  21
15123                            4.11e-01  21
15124                            1.36e-01  21
15125                            2.26e-01  21
15126                            2.40e-01  21
15127                            3.10e-01  21
15128                            2.74e-02  21
15129                            2.85e-01  21
15130                            7.83e-01  21
15131                            8.47e-01  21
15132                            6.67e-01  21
15133                            6.74e-01  21
15134                            7.41e-03  21
15135                            1.87e-01  21
15136                            6.02e-01  21
15137                            5.57e-01  21
15138                            6.70e-01  21
15139                            4.89e-01  21
15140                            8.97e-01  21
15141                            9.36e-01  21
15142                            9.03e-01  21
15143                            4.10e-01  21
15144                            4.90e-02  21
15145                            8.40e-01  21
15146                            3.27e-01  21
15147                            7.51e-01  21
15148                            3.73e-01  21
15149                            1.60e-04  1_[-2(5.07e-08)]_5
15150                            9.91e-01  21
15151                            7.81e-01  21
15152                            9.21e-01  21
15153                            7.81e-01  21
15154                            4.68e-01  21
15155                            4.36e-01  21
15156                            3.40e-01  21
15157                            4.74e-01  21
15158                            8.73e-01  21
15159                            6.93e-01  21
15160                            8.37e-01  21
15161                            4.43e-01  21
15162                            8.76e-01  21
15163                            8.98e-01  21
15164                            5.55e-01  21
15165                            4.27e-01  21
15166                            4.53e-01  21
15167                            4.11e-01  21
15168                            9.56e-01  21
15169                            4.92e-02  6_[+1(4.27e-05)]_7
15170                            4.49e-01  21
15171                            3.44e-01  21
15172                            4.13e-01  21
15173                            2.15e-02  21
15174                            7.12e-05  1_[+5(4.97e-09)]_5
15175                            2.32e-01  21
15176                            7.19e-02  21
15177                            2.78e-01  21
15178                            4.86e-01  21
15179                            7.18e-01  21
15180                            9.17e-01  21
15181                            5.34e-01  21
15182                            6.03e-01  21
15183                            6.49e-01  21
15184                            6.96e-01  21
15185                            4.68e-02  5_[+1(1.85e-05)]_8
15186                            5.95e-01  21
15187                            1.51e-01  21
15188                            4.30e-01  21
15189                            8.67e-01  21
15190                            1.83e-01  21
15191                            9.65e-01  21
15192                            7.20e-01  21
15193                            6.01e-01  21
15194                            4.36e-02  12_[+1(6.13e-05)]_1
15195                            9.33e-01  21
15196                            5.26e-02  21
15197                            9.79e-01  21
15198                            9.78e-01  21
15199                            6.78e-01  21
15200                            1.37e-01  21
15201                            7.47e-02  21
15202                            8.39e-01  21
15203                            2.86e-01  21
15204                            1.74e-01  21
15205                            9.30e-03  2_[+1(1.85e-05)]_11
15206                            1.08e-01  21
15207                            8.27e-01  21
15208                            9.07e-02  21
15209                            5.14e-01  21
15210                            1.19e-01  21
15211                            8.04e-01  21
15212                            4.53e-02  2_[+1(4.27e-05)]_11
15213                            1.74e-02  21
15214                            2.68e-01  21
15215                            1.32e-01  21
15216                            7.47e-01  21
15217                            7.26e-01  21
15218                            1.64e-02  21
15219                            1.81e-01  21
15220                            1.48e-01  21
15221                            1.67e-01  21
15222                            3.91e-01  21
15223                            9.38e-02  21
15224                            6.98e-01  21
15225                            9.95e-01  21
15226                            3.18e-02  21
15227                            8.82e-01  21
--------------------------------------------------------------------------------

********************************************************************************


********************************************************************************
Stopped because requested number of motifs (6) found.
********************************************************************************

CPU: ip-172-31-25-197

********************************************************************************
